-18268.21	 6817.61	 3339.00	19782.73	 2658.91	  161.95	1	4	38253640

-18799.47	 6679.41	 3427.00	20243.00	 2674.00	  162.45	3	1	38253570

-13353.73	14987.90	 3236.00	20333.00	 2195.00	  152.63	3	2	38253730

-5318.61	19821.59	 3638.00	20842.70	 1750.33	  167.54	1	6	38253790

-5228.93	20102.92	 3386.00	21046.00	 1743.00	  154.31	3	3	38253880

 7065.07	21892.45	 3386.00	23252.09	 1201.90	  139.55	1	1	38253880

-18134.14	 6646.53	 3384.00	19608.03	 2664.52	  165.63	0	4	38254000

 7242.82	21747.36	 3410.00	23174.00	 1193.00	  141.03	3	4	38254080

-12790.27	14736.78	 3210.00	19775.44	 2182.59	  155.70	0	7	38254050

-4987.35	19597.55	 3626.00	20544.72	 1737.97	  169.43	0	8	38254090

 6919.60	21360.86	 3237.00	22685.80	 1200.85	  136.72	0	6	38254170

-18455.23	 6326.86	 3361.00	19796.99	 2684.62	  162.91	2	2	38255270

-13161.89	14389.59	 3299.00	19778.24	 2207.48	  160.03	2	3	38255310

-5676.98	19443.89	 3533.00	20561.50	 1771.27	  164.90	2	8	38255360

-18194.98	 6529.08	 3459.00	19638.00	 2671.00	  169.08	3	1	38255570

-12848.61	14666.52	 3154.00	19752.00	 2187.00	  153.14	3	2	38255730

-4887.88	19721.48	 3347.00	20592.00	 1732.00	  155.90	3	3	38255880

 6279.42	20996.64	 3442.00	22184.17	 1222.50	  148.76	1	1	38255870

-17653.08	 6503.42	 3364.00	19111.31	 2662.94	  168.97	0	4	38256000

 7087.61	21133.60	 3405.00	22549.00	 1191.00	  144.75	3	4	38256070

-12301.15	14407.57	 3276.00	19225.73	 2174.84	  163.51	0	7	38256040

-4843.45	19340.25	 3575.00	20255.49	 1734.33	  169.43	0	8	38256110

 6778.26	20929.37	 3258.00	22239.56	 1200.91	  140.40	0	6	38256170

-17898.60	 6134.68	 3265.00	19200.38	 2684.68	  163.18	2	2	38257250

-12697.94	14078.86	 3296.00	19243.58	 2200.80	  164.37	2	3	38257300

-5440.51	19031.03	 3475.00	20096.14	 1765.90	  165.96	2	8	38257320

-17711.16	 6334.54	 3485.00	19130.00	 2672.00	  174.94	3	1	38257570

-12325.72	14340.09	 3217.00	19181.00	 2178.00	  160.92	3	2	38257730

-4379.60	19308.07	 3386.00	20086.00	 1713.00	  161.75	3	3	38257880

 7184.15	20560.72	 3442.00	22050.00	 1179.00	  149.68	3	4	38258070

-17526.01	 6019.75	 3363.00	18833.70	 2684.06	  171.43	1	4	38257650

-12189.72	14477.73	 3364.00	19222.65	 2168.27	  167.98	1	5	38257720

-17071.65	 6301.12	 3396.00	18511.57	 2662.35	  176.18	0	4	38258010

-12074.76	14147.63	 3327.00	18895.08	 2174.67	  169.02	0	7	38258050

-4493.87	18991.65	 3488.00	19825.33	 1721.88	  168.89	0	8	38258120

 6458.45	20901.64	 3328.00	22128.39	 1213.82	  144.16	0	6	38258210

-17228.71	 5893.45	 3272.00	18500.47	 2685.26	  169.78	2	2	38259260

-12357.69	13832.90	 3277.00	18836.14	 2196.27	  166.98	2	3	38259310

-5141.96	18532.74	 3562.00	19559.91	 1758.45	  174.88	2	8	38259320

-17282.44	 6181.20	 3390.00	18665.00	 2672.00	  174.41	3	1	38259570

-17167.19	 6029.94	 3320.00	18495.81	 2677.44	  172.34	1	4	38259660

-12612.77	13338.11	 3261.00	18644.61	 2223.32	  167.88	1	5	38259720

-12004.04	13995.47	 3270.00	18726.00	 2177.00	  167.61	3	2	38259730

-4904.32	18390.23	 3546.00	19360.45	 1748.87	  175.89	1	6	38259780

 6731.79	20232.34	 3420.00	21595.40	 1193.27	  151.87	1	1	38259870

-4378.69	18846.11	 3437.00	19651.00	 1718.00	  167.88	3	3	38259880

-16680.51	 6164.56	 3449.00	18114.55	 2661.96	  182.93	0	4	38260040

 6869.94	20203.44	 3402.00	21609.00	 1187.00	  150.97	3	4	38260080

-11633.47	13853.34	 3345.00	18396.79	 2167.04	  174.60	0	7	38260070

 6487.78	20528.86	 3367.00	21791.33	 1207.70	  148.14	0	6	38260190

-16756.90	 5662.31	 3356.00	18003.29	 2688.82	  179.06	2	2	38261250

-12097.37	13474.66	 3323.00	18410.74	 2198.62	  173.31	2	3	38261300

-4807.37	18018.66	 3528.00	18979.72	 1748.98	  178.54	2	8	38261310

-16904.07	 5906.48	 3489.00	18243.00	 2679.00	  183.76	3	1	38261570

-16585.42	 5927.68	 3358.00	17930.13	 2672.22	  179.90	1	4	38261660

-11932.86	13383.54	 3285.00	18229.20	 2195.34	  173.03	1	5	38261720

-11670.05	13721.96	 3260.00	18306.00	 2173.00	  170.97	3	2	38261730

 7699.00	20065.24	 3361.00	21752.81	 1150.14	  148.14	1	1	38261870

-4298.87	18328.35	 3278.00	19109.00	 1720.00	  164.62	3	3	38261890

 6583.48	19767.62	 3314.00	21097.00	 1193.00	  150.63	3	4	38262070

-16282.51	 6005.95	 3384.00	17681.72	 2662.55	  183.89	0	4	38262040

-11025.24	13425.37	 3363.00	17694.81	 2156.56	  182.60	0	7	38262060

-4334.60	18197.84	 3477.00	19027.34	 1723.30	  175.49	0	9	38262110

 6611.84	19971.72	 3315.00	21297.31	 1194.71	  149.24	0	6	38262180

-16182.91	 5412.02	 3317.00	17383.29	 2691.81	  183.34	2	2	38263240

-4636.75	17589.66	 3353.00	18496.98	 1746.13	  174.07	2	8	38263280

-11839.77	13190.64	 3438.00	18055.27	 2198.51	  182.95	2	3	38263280

-16340.45	 5902.26	 3414.00	17706.00	 2669.00	  185.29	3	1	38263570

-16284.24	 5346.70	 3379.00	17469.44	 2697.05	  185.88	1	4	38263650

-10930.46	13574.58	 3246.00	17727.97	 2147.36	  175.84	1	5	38263720

-11296.02	13395.47	 3297.00	17830.00	 2169.00	  177.60	3	2	38263730

-4806.39	17537.28	 3622.00	18541.21	 1755.44	  187.75	1	6	38263780

-4002.31	17993.82	 3364.00	18738.00	 1709.00	  172.37	3	3	38263890

 6585.88	19323.86	 3527.00	20717.75	 1186.33	  163.36	1	1	38263870

 6572.87	19396.42	 3393.00	20759.00	 1188.00	  156.78	3	4	38264070

-15670.03	 5767.81	 3496.00	17059.88	 2663.21	  197.09	0	4	38264050

-10783.12	13024.88	 3330.00	17234.04	 2160.35	  185.68	0	7	38264070

-4094.90	17771.37	 3454.00	18561.25	 1716.26	  178.74	0	8	38264120

 6697.73	19279.85	 3241.00	20665.82	 1180.72	  150.38	0	6	38264200

-15802.20	 5547.64	 3234.00	17057.10	 2677.59	  182.16	2	2	38265230

-4436.52	17143.57	 3506.00	18052.06	 1741.82	  186.65	2	8	38265270

-15839.70	 5815.32	 3407.00	17214.00	 2664.00	  190.26	3	1	38265580

-15291.77	 6067.60	 3362.00	16791.58	 2639.29	  192.50	1	4	38265660

-11024.53	12957.12	 3201.00	17311.08	 2173.21	  177.60	1	5	38265730

-10983.28	13052.31	 3183.00	17353.00	 2168.00	  176.16	3	2	38265760

-3846.39	17424.44	 3675.00	18218.43	 1707.47	  193.96	1	6	38265780

 6651.97	18913.07	 3585.00	20366.77	 1177.04	  168.97	1	1	38265870

-3819.35	17605.67	 3388.00	18331.00	 1704.00	  177.51	3	3	38265900

 6590.27	18988.68	 3392.00	20384.00	 1181.00	  159.65	3	4	38266070

-15119.67	 5623.03	 3447.00	16495.60	 2660.00	  201.03	0	4	38266070

-10475.93	12759.53	 3356.00	16846.77	 2156.45	  191.51	0	7	38266090

 6869.03	18627.79	 3340.00	20132.91	 1162.64	  159.16	0	6	38266210

-15468.53	 5532.70	 3374.00	16771.11	 2671.99	  193.43	2	2	38267240

-4257.75	16687.66	 3455.00	17565.41	 1738.55	  189.06	2	8	38267270

-10959.39	12754.57	 3267.00	17130.69	 2177.85	  183.24	2	9	38267290

-15284.31	 5647.77	 3413.00	16648.00	 2662.00	  197.17	3	1	38267570

-14970.73	 5515.55	 3310.00	16294.18	 2662.92	  195.34	1	4	38267660

-10174.61	12895.93	 3264.00	16747.58	 2137.88	  187.31	1	5	38267720

-10552.11	12755.31	 3238.00	16868.00	 2160.00	  184.45	3	2	38267750

 6833.65	18375.39	 3496.00	19914.21	 1160.00	  168.51	1	1	38267870

-3678.77	17130.75	 3260.00	17822.00	 1702.00	  175.66	3	3	38267890

 6513.82	18517.63	 3322.00	19909.00	 1177.00	  160.09	3	4	38268070

-14547.37	 5528.87	 3433.00	15936.75	 2653.17	  207.33	0	4	38268090

-10374.58	12513.30	 3339.00	16594.08	 2161.03	  193.47	0	7	38268100

-3013.74	16515.66	 3447.00	17138.60	 1672.36	  193.38	0	10	38268140

 7153.58	17774.87	 3405.00	19460.57	 1134.62	  167.95	0	6	38268200

-14960.83	 5296.44	 3391.00	16228.91	 2675.08	  201.01	2	2	38269220

-3989.08	16322.66	 3486.00	17160.84	 1728.89	  195.34	2	8	38269240

-10503.29	12206.16	 3304.00	16438.55	 2178.53	  193.25	2	9	38269270

-14794.60	 5466.82	 3397.00	16134.00	 2662.00	  202.58	3	1	38269570

-14464.04	 5388.56	 3452.00	15816.49	 2659.45	  210.11	1	4	38269660

-9732.28	12510.02	 3227.00	16175.02	 2131.36	  191.80	1	5	38269720

-10225.47	12439.84	 3246.00	16427.00	 2157.00	  189.95	3	2	38269750

 6990.57	17928.16	 3499.00	19558.38	 1144.97	  171.76	1	1	38269870

-3450.12	16659.99	 3344.00	17339.00	 1695.00	  185.33	3	3	38269890

 6560.43	18044.23	 3414.00	19501.00	 1167.00	  168.04	3	4	38270070

-10062.29	12269.59	 3386.00	16225.21	 2155.92	  200.76	0	7	38270090

-14128.82	 5493.30	 3453.00	15547.45	 2645.90	  213.87	0	4	38270090

-3564.37	16608.01	 3470.00	17337.00	 1701.88	  192.43	0	9	38270130

 6796.47	17621.15	 3396.00	19189.32	 1148.47	  169.89	0	6	38270190

-14479.20	 5085.59	 3350.00	15707.74	 2677.45	  205.23	2	2	38271220

-3781.05	15902.55	 3402.00	16696.14	 1722.91	  195.95	2	8	38271230

-10093.17	11728.67	 3190.00	15799.05	 2178.56	  194.15	2	9	38271250

-14247.96	 5417.98	 3437.00	15626.00	 2653.00	  211.77	3	1	38271570

-14033.52	 5364.01	 3394.00	15402.32	 2651.36	  212.17	1	4	38271660

-9251.07	12459.39	 3274.00	15859.94	 2109.90	  198.56	1	5	38271720

-9871.98	12087.01	 3260.00	15943.00	 2154.00	  196.65	3	2	38271740

-3162.90	16226.14	 3563.00	16911.14	 1683.84	  202.71	1	6	38271780

 6625.80	17497.41	 3517.00	19037.59	 1154.33	  177.43	1	1	38271860

-3194.87	16284.37	 3337.00	16927.00	 1685.00	  189.50	3	3	38271910

 6715.55	17494.61	 3410.00	19047.00	 1150.00	  171.89	3	4	38272080

-13606.57	 5351.38	 3569.00	15050.38	 2642.18	  228.63	0	4	38272120

-2931.59	15833.04	 3469.00	16471.59	 1674.83	  202.63	0	9	38272140

 6540.21	17399.02	 3338.00	18884.98	 1156.65	  169.68	0	6	38272210

-13912.23	 4929.64	 3365.00	15138.52	 2674.81	  214.05	2	2	38273220

-3557.90	15345.38	 3358.00	16106.38	 1717.56	  200.56	2	8	38273230

-9680.70	11491.33	 3240.00	15370.89	 2168.53	  202.81	2	9	38273250

-13784.76	 5308.04	 3397.00	15157.00	 2649.00	  215.85	3	1	38273570

-13512.53	 5213.39	 3366.00	14869.36	 2648.37	  218.06	1	4	38273670

-9061.45	11915.50	 3224.00	15312.84	 2120.87	  202.57	1	5	38273720

-9483.20	11761.06	 3242.00	15452.00	 2148.00	  201.85	3	2	38273750

-3363.79	15512.33	 3604.00	16276.87	 1703.92	  213.21	1	6	38273780

 6495.67	17106.81	 3508.00	18631.76	 1153.46	  180.87	1	1	38273860

-3000.46	15818.95	 3390.00	16454.00	 1679.00	  198.16	3	3	38273920

 6857.50	16955.86	 3479.00	18618.00	 1133.00	  179.50	3	4	38274080

-13125.59	 5208.62	 3399.00	14524.60	 2639.26	  225.56	0	4	38274120

-8891.81	11492.12	 3410.00	14925.18	 2128.84	  220.12	0	7	38274120

-3570.58	15807.02	 3480.00	16574.72	 1712.14	  202.00	0	8	38274150

 6450.64	15805.70	 3480.00	17422.44	 1129.98	  192.03	2	10	38274910

-3240.33	14857.05	 3296.00	15559.42	 1705.06	  203.83	2	8	38275200

-13399.13	 4813.63	 3413.00	14640.91	 2670.65	  224.67	2	2	38275220

-9385.11	11347.57	 3195.00	15068.36	 2159.88	  204.03	2	9	38275230

-13244.27	 5243.78	 3336.00	14630.00	 2640.00	  219.68	3	1	38275570

-13025.48	 4884.84	 3441.00	14330.57	 2657.38	  231.56	1	4	38275670

-9047.42	11212.17	 3324.00	14785.72	 2148.35	  216.53	1	5	38275720

-9033.81	11471.68	 3213.00	14951.00	 2137.00	  206.83	3	2	38275750

-2723.52	15537.20	 3603.00	16180.35	 1665.71	  214.44	1	6	38275780

 6182.31	16685.67	 3580.00	18150.73	 1161.16	  189.59	1	1	38275860

-2798.98	15371.28	 3462.00	16003.00	 1672.00	  208.23	3	3	38275910

 6894.27	16546.15	 3450.00	18254.00	 1123.00	  181.57	3	4	38276080

-12535.94	 5015.83	 3458.00	13937.94	 2636.55	  239.42	0	4	38276120

-8360.88	11009.23	 3280.00	14207.95	 2120.24	  222.46	0	7	38276120

-3107.96	15426.29	 3531.00	16127.55	 1689.85	  210.78	0	8	38276150

 7130.90	15949.57	 3281.00	17776.48	 1098.52	  177.27	0	11	38276210

 6249.18	15494.56	 3734.00	17119.47	 1133.92	  209.97	2	10	38276910

-2963.25	14361.40	 3361.00	15044.17	 1694.31	  215.16	2	8	38277190

-12980.56	 4731.03	 3412.00	14230.93	 2666.24	  231.21	2	2	38277210

-9077.82	11087.43	 3252.00	14693.99	 2155.15	  213.10	2	9	38277220

-12708.65	 5000.95	 3408.00	14076.00	 2642.00	  233.52	3	1	38277570

-12633.69	 4483.16	 3402.00	13830.49	 2674.37	  237.33	1	4	38277660

-8812.21	10698.99	 3291.00	14246.19	 2157.94	  222.61	1	5	38277720

-8656.20	11159.51	 3328.00	14510.00	 2130.00	  220.99	3	2	38277750

-2448.34	14973.39	 3596.00	15592.56	 1654.77	  222.23	1	6	38277780

 6362.17	16203.87	 3389.00	17734.94	 1142.72	  183.61	1	1	38277860

-2401.41	15059.81	 3448.00	15635.00	 1651.00	  212.34	3	3	38277910

 6858.09	16032.02	 3365.00	17759.00	 1114.00	  182.04	3	4	38278080

-7852.95	10616.90	 3338.00	13620.92	 2108.15	  236.43	0	7	38278120

-12083.89	 4922.84	 3463.00	13499.89	 2630.58	  247.73	0	4	38278140

-2212.70	14451.73	 3452.00	15022.15	 1645.08	  221.42	0	8	38278150

-2753.38	13943.48	 3254.00	14580.47	 1686.17	  214.93	2	8	38279200

-12566.17	 4613.10	 3423.00	13816.89	 2664.03	  239.06	2	2	38279210

-12223.05	 4750.83	 3346.00	13534.00	 2646.00	  238.56	3	1	38279600

-11421.32	 5268.00	 3504.00	13056.66	 2587.31	  259.45	1	4	38279660

-8313.75	10489.32	 3243.00	13771.76	 2140.00	  227.00	1	5	38279760

-8241.57	10857.88	 3316.00	14029.00	 2120.00	  227.87	3	2	38279760

-2097.03	14594.43	 3541.00	15163.56	 1636.28	  225.07	1	6	38279780

 6577.26	15728.44	 3422.00	17388.34	 1121.77	  189.16	1	1	38279870

-2212.25	14662.46	 3408.00	15215.00	 1643.00	  215.72	3	3	38279920

 6463.00	15695.95	 3335.00	17299.00	 1127.00	  185.26	3	4	38280090

-7596.35	10497.83	 3312.00	13374.54	 2098.17	  238.96	0	7	38280140

-11530.30	 4712.95	 3378.00	12906.22	 2629.47	  252.88	0	4	38280150

-1838.03	14023.88	 3511.00	14573.08	 1624.45	  232.35	0	8	38280170

 6354.26	14739.25	 3558.00	16440.24	 1111.31	  208.31	2	10	38280930

-2578.82	13719.35	 3268.00	14337.04	 1677.43	  219.60	2	8	38281180

-12074.37	 4428.18	 3389.00	13299.79	 2664.33	  246.04	2	2	38281200

-7885.53	10151.73	 2823.00	13160.87	 2130.65	  206.44	2	11	38281220

-11730.07	 4658.48	 3380.00	13066.00	 2639.00	  249.87	3	1	38281590

-11291.30	 4817.52	 3399.00	12737.94	 2614.90	  257.94	1	4	38281670

-7813.73	10590.54	 3347.00	13580.00	 2107.00	  237.81	3	2	38281760

-7855.78	10257.78	 3239.00	13320.15	 2124.10	  234.56	1	5	38281740

 6101.73	15154.69	 3605.00	16729.97	 1134.48	  207.40	1	1	38281860

-2206.23	14317.49	 3443.00	14890.00	 1646.00	  222.82	3	3	38281910

 6235.55	15279.75	 3306.00	16831.00	 1130.00	  188.80	3	4	38282090

-7291.49	10362.30	 3306.00	13094.76	 2085.54	  243.73	0	7	38282150

-10978.68	 4502.22	 3502.00	12371.96	 2628.37	  274.05	0	4	38282150

-1794.93	13724.41	 3426.00	14258.99	 1624.18	  231.71	0	8	38282170

 6262.93	15589.10	 3394.00	17139.53	 1135.20	  190.35	0	12	38280220

 6304.75	14226.51	 3502.00	15950.16	 1101.64	  211.39	2	10	38282920

-2339.52	13353.20	 3330.00	13959.59	 1665.63	  230.01	2	8	38283160

-11536.98	 4266.19	 3442.00	12773.00	 2661.77	  260.55	2	2	38283190

-11295.27	 4540.67	 3311.00	12616.00	 2635.00	  253.59	3	1	38283590

-11030.59	 4602.76	 3370.00	12418.39	 2622.51	  262.43	1	4	38283670

-7442.02	10288.30	 3392.00	13143.00	 2098.00	  249.27	3	2	38283760

-1585.89	13691.72	 3537.00	14229.85	 1610.12	  239.87	1	6	38283780

 6036.70	14757.32	 3389.00	16300.48	 1129.20	  200.00	1	1	38283860

-2115.24	13823.17	 3461.00	14406.00	 1645.00	  231.69	3	3	38283920

 6247.01	14861.05	 3255.00	16446.00	 1120.00	  190.26	3	4	38284090

-7163.19	10191.94	 3286.00	12883.50	 2085.01	  246.28	0	7	38284150

-1684.05	13457.14	 3392.00	13979.85	 1618.88	  234.04	0	8	38284170

-10561.75	 4571.90	 3470.00	12020.56	 2609.89	  279.64	0	4	38284160

 6641.13	14757.75	 3406.00	16537.74	 1096.20	  198.09	0	12	38282220

 6234.80	13781.87	 3563.00	15540.51	 1094.31	  220.90	2	10	38284920

-2156.53	12958.03	 3402.00	13569.63	 1657.48	  241.99	2	8	38285150

-10991.81	 4169.49	 3371.00	12229.81	 2653.78	  266.67	2	2	38285190

-7096.40	 9352.63	 3231.00	12176.61	 2119.83	  256.46	2	11	38285210

-10905.52	 4357.48	 3264.00	12189.00	 2637.00	  258.87	3	1	38285590

-10464.76	 4373.05	 3418.00	11845.57	 2622.01	  279.52	1	4	38285670

-7108.05	 9735.81	 3271.00	12490.39	 2102.22	  253.03	1	5	38285760

-7007.93	10105.66	 3289.00	12730.00	 2079.00	  249.55	3	2	38285760

-1854.17	13170.51	 3593.00	13777.15	 1633.56	  251.95	1	6	38285780

 6716.47	14483.46	 3391.00	16321.16	 1085.35	  199.86	1	1	38285850

-1926.38	13335.19	 3359.00	13886.00	 1637.00	  233.31	3	3	38285920

 6252.41	14365.85	 3240.00	15999.00	 1108.00	  194.73	3	4	38286100

-6698.03	 9675.87	 3235.00	12204.56	 2078.21	  256.18	0	7	38286150

-1207.09	12813.57	 3345.00	13297.89	 1589.69	  242.81	0	8	38286180

-9987.28	 4361.45	 3531.00	11455.83	 2606.82	  299.21	0	4	38286180

 6517.65	14432.38	 3358.00	16187.94	 1094.94	  199.54	0	12	38284210

 6130.78	13237.96	 3608.00	15028.23	 1085.84	  231.52	2	10	38286940

-1972.17	12514.71	 3309.00	13094.16	 1649.26	  243.96	2	8	38287150

-10355.62	 3950.68	 3433.00	11603.12	 2651.97	  286.83	2	2	38287180

-10491.82	 4179.45	 3364.00	11784.00	 2638.00	  276.45	3	1	38287590

-9764.16	 4256.26	 3461.00	11199.69	 2607.45	  300.01	1	4	38287670

-6571.03	 9390.41	 3267.00	11917.70	 2083.05	  265.17	1	5	38287770

-6630.11	 9799.99	 3305.00	12285.00	 2068.00	  260.11	3	2	38287770

-1383.55	12881.35	 3479.00	13414.43	 1602.18	  250.52	1	6	38287780

 5874.16	13760.47	 3365.00	15335.56	 1114.72	  211.25	1	1	38287850

-1780.99	12901.08	 3420.00	13465.00	 1631.00	  245.23	3	3	38287920

 6409.68	13884.55	 3330.00	15651.00	 1087.00	  204.74	3	4	38288110

-6406.56	 9349.44	 3299.00	11804.21	 2073.67	  270.48	0	7	38288170

-1212.78	12604.83	 3330.00	13093.57	 1591.60	  245.56	0	8	38288190

-9366.11	 4145.54	 3490.00	10820.80	 2602.09	  313.60	0	4	38288190

 6371.71	14048.71	 3431.00	15803.06	 1093.39	  208.99	0	12	38286220

 6219.66	12799.19	 3514.00	14657.82	 1068.05	  231.18	2	10	38288930

-1803.52	12122.68	 3408.00	12721.10	 1641.03	  258.99	2	8	38289140

-9904.56	 3850.66	 3536.00	11199.60	 2645.92	  306.74	2	2	38289180

-6732.82	 8955.79	 2993.00	11597.20	 2115.59	  249.27	2	11	38289180

-6776.15	 9214.65	 3611.00	11994.38	 2105.49	  292.02	2	12	38287200

-10018.79	 3991.01	 3344.00	11291.00	 2638.00	  287.12	3	1	38289590

-9640.09	 3871.19	 3326.00	10907.78	 2635.35	  295.89	1	4	38289670

-6580.79	 8884.70	 3677.00	11651.83	 2108.78	  306.59	1	8	38289740

-6300.86	 9462.05	 3281.00	11832.00	 2061.00	  268.32	3	2	38289770

-1413.62	12271.26	 3539.00	12849.38	 1609.52	  266.45	1	6	38289780

 6385.23	13419.71	 3423.00	15250.47	 1075.91	  216.18	1	1	38289850

-1412.32	12551.55	 3471.00	13099.00	 1607.00	  256.10	3	3	38289930

 6447.22	13408.30	 3261.00	15231.00	 1072.00	  206.05	3	4	38290100

-5919.45	 8898.54	 3300.00	11185.43	 2060.54	  285.99	0	7	38290170

 -984.74	12101.35	 3378.00	12602.51	 1577.54	  259.13	0	8	38290190

-8833.85	 3891.37	 3398.00	10233.58	 2603.77	  323.21	0	4	38290210

 6314.57	13513.59	 3400.00	15298.72	 1082.57	  214.01	0	12	38288230

 6032.89	12414.75	 3498.00	14239.30	 1068.05	  237.01	2	10	38290930

-1559.89	11661.19	 3487.00	12270.93	 1626.98	  275.15	2	8	38291120

-9393.56	 3579.73	 3429.00	10621.27	 2652.32	  313.92	2	2	38291160

-6332.89	 8922.62	 3397.00	11456.80	 2089.42	  287.46	2	12	38291160

-9553.08	 3921.90	 3374.00	10864.00	 2628.00	  301.56	3	1	38291590

-8637.02	 4261.50	 3380.00	10207.00	 2562.31	  322.31	1	4	38291680

-5794.37	 8974.45	 3252.00	11166.52	 2047.47	  282.19	1	5	38291760

-5984.74	 9090.13	 3221.00	11350.00	 2056.00	  274.77	3	2	38291770

-1193.91	11825.67	 3469.00	12381.67	 1596.08	  271.17	1	6	38291780

 6239.89	12976.93	 3404.00	14796.08	 1071.99	  221.68	1	1	38291850

 -993.65	12137.88	 3440.00	12655.00	 1578.00	  262.89	3	3	38291930

 6505.26	12934.28	 3253.00	14839.00	 1055.00	  211.05	3	4	38292100

-5403.90	 8409.73	 3217.00	10501.18	 2045.40	  297.32	0	7	38292170

 -625.20	11454.22	 3384.00	11960.00	 1552.07	  273.93	0	8	38292190

-8339.77	 3741.71	 3424.00	 9760.94	 2597.27	  342.26	0	4	38292210

 6660.58	12621.72	 3364.00	14662.45	 1036.32	  221.06	0	12	38290220

 6199.31	12032.76	 3615.00	14010.25	 1045.71	  249.22	2	10	38292930

-1271.73	11149.18	 3381.00	11719.76	 1608.46	  279.46	2	8	38293120

-8912.33	 3544.09	 3450.00	10192.78	 2638.57	  329.73	2	2	38293150

-5874.07	 8422.39	 3283.00	10780.51	 2081.56	  295.50	2	12	38293160

-8977.83	 3907.40	 3370.00	10355.00	 2608.00	  316.54	3	1	38293600

-8181.17	 3902.18	 3413.00	 9685.41	 2575.00	  343.89	1	4	38293680

-5665.73	 8724.46	 3170.00	10875.00	 2050.00	  282.46	3	2	38293790

-5335.94	 8756.74	 3342.00	10785.26	 2022.60	  300.85	1	5	38293750

 6229.08	12576.04	 3341.00	14426.38	 1060.84	  223.18	1	1	38293850

 -729.78	11796.63	 3314.00	12275.00	 1559.00	  261.05	3	3	38293950

 6463.50	12522.81	 3297.00	14473.00	 1045.00	  219.46	3	4	38294110

-5019.92	 8233.57	 3331.00	10202.29	 2022.84	  317.60	0	7	38294200

 -297.16	10940.91	 3388.00	11457.33	 1525.93	  286.66	0	8	38294220

-7849.11	 3548.05	 3480.00	 9290.19	 2594.59	  366.65	0	4	38294220

 6604.63	12325.34	 3443.00	14401.02	 1030.25	  230.54	0	12	38292230

 6054.32	11690.02	 3588.00	13644.97	 1043.67	  254.09	2	10	38294960

-1113.90	10695.27	 3373.00	11269.72	 1599.10	  290.26	2	8	38295120

-8368.38	 3433.92	 3342.00	 9643.16	 2628.16	  337.96	2	2	38295160

-5396.09	 7933.19	 3478.00	10205.38	 2070.39	  332.09	2	12	38295160

-8454.65	 3828.09	 3503.00	 9920.00	 2594.00	  344.64	3	1	38295590

-7621.40	 3903.22	 3402.00	 9213.82	 2548.02	  361.13	1	4	38295680

-5411.24	 7841.39	 3607.00	10187.22	 2076.82	  345.61	1	8	38295740

-5302.35	 8472.37	 3247.00	10509.00	 2034.00	  299.96	3	2	38295780

 -672.28	11147.96	 3509.00	11706.49	 1557.52	  290.71	1	6	38295780

-1382.20	11230.26	 3502.00	11844.54	 1616.94	  286.62	1	9	38293780

 5859.15	12003.04	 3323.00	13763.90	 1066.35	  232.85	1	1	38295840

 -416.27	11352.36	 3330.00	11838.00	 1535.00	  272.29	3	3	38295950

 6381.16	12113.20	 3337.00	14092.00	 1037.00	  228.30	3	4	38296110

-4646.25	 8040.48	 3316.00	 9860.67	 2000.36	  327.51	0	7	38296190

  -15.20	10578.92	 3383.00	11106.69	 1501.37	  295.56	0	8	38296220

-7362.06	 3333.50	 3456.00	 8789.55	 2593.99	  385.89	0	4	38296220

 6537.45	11479.79	 3393.00	13639.51	 1005.66	  240.07	0	12	38296230

 -822.40	10273.89	 3360.00	10840.61	 1576.28	  300.93	2	8	38297090

-7938.64	 3349.10	 3426.00	 9272.32	 2618.77	  361.40	2	2	38297150

-5213.71	 7922.21	 3075.00	 9969.94	 2055.82	  299.41	2	11	38297160

-7196.35	 3606.01	 3387.00	 8732.84	 2556.42	  380.34	1	4	38297680

-7923.51	 3718.39	 3439.00	 9404.00	 2581.00	  357.51	3	1	38297590

 -447.70	10694.79	 3526.00	11269.94	 1539.95	  303.87	1	6	38297780

-4775.45	 8251.36	 3252.00	10073.00	 2001.00	  313.92	3	2	38297790

 6142.99	11487.10	 3437.00	13472.30	 1031.06	  246.34	1	1	38297840

 -184.14	10989.31	 3298.00	11475.00	 1516.00	  278.38	3	3	38297950

-4281.89	 7832.33	 3258.00	 9502.34	 1977.75	  334.19	0	7	38298200

 -409.59	10809.06	 3344.00	11321.92	 1536.17	  286.31	0	8	38298200

-6880.33	 3252.54	 3378.00	 8326.39	 2578.31	  398.91	0	4	38298220

 -474.65	 9864.92	 3414.00	10449.76	 1545.91	  317.82	2	8	38299080

-7484.02	 3266.99	 3440.00	 8861.01	 2606.96	  380.73	2	2	38299130

-4631.48	 7280.83	 3188.00	 9199.16	 2041.02	  337.94	2	11	38299130

-6996.18	 3333.12	 3424.00	 8472.31	 2575.43	  397.29	1	4	38299690

-7407.21	 3561.66	 3346.00	 8874.00	 2572.00	  369.19	3	1	38299600

-3808.25	 7964.00	 3442.00	 9474.98	 1925.94	  355.02	1	5	38299720

-4372.53	 7953.61	 3263.00	 9645.00	 1980.00	  329.57	3	2	38299800

 -207.40	10149.57	 3521.00	10744.96	 1519.51	  318.81	1	6	38299780

  -11.11	10605.27	 3387.00	11133.00	 1501.00	  295.20	3	3	38299960

-3830.65	 7475.98	 3286.00	 9020.09	 1952.17	  356.07	0	7	38300210

 -116.21	10350.22	 3445.00	10909.11	 1510.72	  306.81	0	8	38300220

-6422.89	 3228.39	 3457.00	 7976.64	 2555.24	  428.05	0	4	38300230

 5853.00	11154.03	 3469.00	13065.37	 1038.53	  256.62	0	12	38300250

 6539.60	10905.13	 3369.00	13154.40	  984.16	  247.32	0	13	38298240

 5595.44	10075.76	 3489.00	12041.72	 1015.92	  280.71	2	10	38300950

 -171.50	 9517.18	 3373.00	10098.67	 1517.21	  325.20	2	8	38301090

-4232.11	 6931.04	 3210.00	 8732.36	 2023.47	  359.46	2	11	38301130

-6973.72	 3094.56	 3484.00	 8387.33	 2601.18	  409.06	2	2	38301140

-6300.18	 3269.48	 3313.00	 7833.12	 2542.88	  417.01	1	4	38301690

-4098.72	 7124.77	 3536.00	 8947.91	 1998.51	  387.95	1	8	38301740

  168.34	 9842.75	 3520.00	10454.59	 1483.67	  327.93	1	6	38301780

 6079.83	10601.74	 3490.00	12709.89	 1002.78	  265.63	1	1	38301850

-3990.05	 7750.48	 3197.00	 9285.00	 1954.00	  335.67	3	2	38301800

  127.95	10181.53	 3265.00	10693.00	 1488.00	  296.31	3	3	38301960

  167.43	 9637.24	 3445.00	10235.85	 1483.41	  327.79	0	8	38302220

-3463.27	 7166.23	 3351.00	 8635.87	 1929.89	  380.54	0	7	38302220

-5845.07	 3041.17	 3470.00	 7446.78	 2541.87	  462.89	0	4	38302250

 6281.17	10300.47	 3681.00	12613.59	  977.09	  282.79	0	13	38302250

 5629.15	 9545.34	 3488.00	11617.53	  991.18	  291.20	2	10	38302950

  118.64	 9044.53	 3319.00	 9635.01	 1487.47	  335.83	2	8	38303070

-3794.04	 6554.99	 3145.00	 8200.83	 2001.04	  375.84	2	11	38303110

-6374.66	 2783.66	 3403.00	 7743.74	 2606.84	  434.48	2	2	38303130

-5676.11	 3387.83	 3405.00	 7435.70	 2486.15	  454.22	1	4	38303690

-6575.07	 3306.91	 3461.00	 8133.00	 2555.00	  419.76	3	1	38303610

-2878.05	 7363.23	 3490.00	 8641.79	 1855.82	  396.99	1	5	38303740

  480.42	 9437.82	 3323.00	10017.26	 1451.43	  322.89	1	6	38303780

 6037.84	10162.38	 3491.00	12325.45	  988.06	  274.22	1	1	38303840

-3547.15	 7497.29	 3225.00	 8899.00	 1922.00	  354.13	3	2	38303810

  366.24	 9710.33	 3373.00	10286.00	 1464.00	  319.04	3	3	38303970

-3109.03	 6841.48	 3331.00	 8219.94	 1907.31	  398.43	0	7	38304220

  639.24	 8934.83	 3406.00	 9583.35	 1431.80	  346.97	0	8	38304220

 6286.99	 9556.66	 3436.00	11944.12	  944.34	  278.64	0	13	38304250

 5477.34	 9103.05	 3577.00	11209.89	  982.74	  310.13	2	10	38304950

  215.49	 8715.85	 3401.00	 9358.38	 1476.40	  355.17	2	8	38305060

-3467.34	 6440.39	 3203.00	 7985.00	 1971.61	  394.14	2	11	38305110

-5860.77	 2581.46	 3462.00	 7279.97	 2603.80	  473.25	2	2	38305110

-5393.97	 3026.44	 3460.00	 7087.02	 2511.74	  487.06	1	4	38305690

-6057.63	 3102.51	 3380.00	 7599.00	 2548.00	  440.17	3	1	38305610

-2401.62	 7224.24	 3435.00	 8352.04	 1806.48	  404.75	1	5	38305740

 5937.95	 9715.65	 3487.00	11908.50	  976.13	  283.78	1	1	38305840

-3293.84	 7135.07	 3273.00	 8513.00	 1913.00	  376.85	3	2	38305850

  612.91	 9276.77	 3257.00	 9851.00	 1437.00	  321.78	3	3	38306000

-2730.15	 6500.45	 3316.00	 7791.37	 1879.70	  419.81	0	7	38306220

 1060.44	 8234.26	 3329.00	 8944.82	 1377.69	  364.16	0	8	38306230

 6165.66	 9177.01	 3376.00	11559.85	  935.07	  283.01	0	13	38306250

-4983.30	 2884.40	 3481.00	 6728.33	 2498.95	  519.26	0	4	38306250

 5562.76	 8804.85	 3495.00	10985.66	  961.93	  309.18	2	10	38306970

  482.50	 8228.82	 3447.00	 8934.66	 1444.07	  378.22	2	8	38307050

-3045.76	 6247.35	 3162.00	 7635.72	 1933.18	  407.72	2	11	38307120

-5468.91	 2529.97	 3377.00	 6907.52	 2586.24	  487.79	2	2	38307140

-4677.13	 3025.20	 3504.00	 6580.68	 2451.75	  536.21	1	4	38307700

-2375.26	 6647.36	 3352.00	 7814.42	 1827.72	  423.35	1	5	38307740

  624.47	 8993.50	 3370.00	 9624.45	 1433.80	  341.61	1	9	38305780

  734.74	 8548.85	 3423.00	 9237.95	 1418.13	  362.48	1	6	38307780

 5826.50	 9231.95	 3574.00	11486.97	  962.38	  302.13	1	1	38307840

-2958.17	 6835.92	 3298.00	 8146.00	 1890.00	  398.04	3	2	38307840

  903.88	 8960.76	 3245.00	 9573.00	 1404.00	  330.24	3	3	38308000

 6347.52	 9467.50	 3341.00	11878.00	  936.00	  272.27	3	4	38308160

-2187.50	 5946.35	 3309.00	 7147.99	 1836.62	  459.60	0	7	38308240

 1036.63	 8117.21	 3289.00	 8819.37	 1378.70	  364.94	0	8	38308240

-4306.30	 2533.04	 3434.00	 6062.41	 2492.25	  575.04	0	4	38308270

 6300.52	 8343.87	 3367.00	10984.24	  882.39	  297.50	0	13	38308260

 5699.53	 8494.18	 3548.00	10827.01	  935.64	  318.82	2	10	38308970

  746.65	 7722.64	 3388.00	 8466.12	 1407.96	  393.16	2	8	38309060

-2794.84	 5869.02	 3236.00	 7261.42	 1924.40	  441.07	2	11	38309100

-4782.50	 2362.27	 3374.00	 6311.62	 2561.89	  538.58	2	2	38309140

-4317.63	 2752.89	 3433.00	 6164.88	 2457.98	  563.99	1	4	38309700

-2219.26	 6179.32	 3350.00	 7370.99	 1829.26	  450.53	1	5	38309740

 1098.86	 8369.24	 3428.00	 9110.59	 1375.33	  368.38	1	9	38309780

 6059.33	 8879.40	 3438.00	11286.23	  928.17	  295.59	1	1	38309840

-2481.28	 6545.79	 3262.00	 7723.00	 1846.00	  416.41	3	2	38309840

 6209.42	 8934.19	 3305.00	11371.00	  920.00	  281.62	3	4	38310150

 1325.67	 7770.04	 3410.00	 8588.31	 1338.63	  389.90	0	8	38310240

 6234.39	 8084.47	 3373.00	10751.90	  872.70	  304.72	0	13	38310270

-3859.88	 2494.71	 3573.00	 5821.39	 2452.08	  631.04	0	4	38310270

 5651.12	 8052.54	 3510.00	10445.03	  915.66	  327.27	2	10	38310960

  907.50	 7304.46	 3519.00	 8158.55	 1381.96	  425.86	2	8	38311050

-2413.12	 5511.18	 3285.00	 6854.74	 1894.11	  477.25	2	11	38311080

-4249.20	 2169.55	 3515.00	 5926.03	 2549.20	  606.34	2	2	38311090

-3626.50	 2784.85	 3465.00	 5736.99	 2374.65	  619.25	1	4	38311700

-1853.76	 5755.30	 3390.00	 6931.95	 1797.56	  487.96	1	5	38311740

 1227.34	 7773.44	 3469.00	 8600.39	 1350.46	  396.47	1	9	38311780

 5898.60	 8387.34	 3441.00	10815.80	  914.70	  309.18	1	1	38311840

 1364.10	 8169.07	 3307.00	 8918.00	 1342.00	  362.77	3	3	38312010

 6173.53	 8422.72	 3240.00	10934.00	  896.00	  287.28	3	4	38312160

 1443.00	 7611.72	 3378.00	 8451.71	 1321.09	  392.64	0	8	38312240

-1359.06	 5186.42	 3228.00	 6258.27	 1744.73	  517.51	0	7	38312240

 5958.39	 8194.18	 3375.00	10678.84	  899.62	  307.07	0	13	38312260

 5686.40	 7522.08	 3487.00	10053.66	  881.87	  338.23	2	10	38312960

 1046.30	 6900.18	 3457.00	 7788.33	 1356.29	  439.18	2	8	38313050

-2138.80	 5195.69	 3189.00	 6460.60	 1872.91	  492.97	2	11	38313070

-3527.59	 1923.99	 3501.00	 5329.41	 2523.19	  684.42	2	2	38313080

-3343.21	 2619.45	 3475.00	 5487.64	 2365.35	  654.83	1	4	38313700

-1478.87	 5367.57	 3331.00	 6487.94	 1756.73	  514.86	1	5	38313740

 5879.92	 7958.21	 3430.00	10472.42	  892.35	  318.65	1	1	38313840

 1590.61	 7762.59	 3327.00	 8594.00	 1307.00	  379.60	3	3	38314030

 6122.58	 7996.42	 3335.00	10609.00	  876.00	  305.37	3	4	38314180

 1559.76	 7288.00	 3458.00	 8216.18	 1298.67	  414.83	0	8	38314250

 -995.89	 5032.28	 3359.00	 6131.76	 1686.57	  553.61	0	7	38314250

 6008.22	 7415.64	 3281.00	10092.34	  849.75	  316.19	0	13	38314290

-2859.09	 2129.90	 3529.00	 5016.45	 2388.59	  745.12	0	4	38314300

-3408.35	 2190.48	 3160.00	 5138.15	 2454.53	  632.54	0	14	38312290

 5529.34	 7034.48	 3472.00	 9597.51	  863.86	  353.47	2	10	38314960

 1260.15	 6532.64	 3408.00	 7475.14	 1318.03	  452.06	2	8	38315050

-1521.80	 4883.03	 3297.00	 6085.23	 1788.49	  546.77	2	11	38315080

-2978.74	 2408.41	 3386.00	 5112.56	 2350.72	  691.25	1	4	38315710

-1348.34	 4947.48	 3278.00	 6086.12	 1754.08	  543.14	1	5	38315740

 1616.61	 6872.01	 3439.00	 7852.69	 1279.37	  432.87	1	9	38315780

 5939.16	 7503.67	 3455.00	10174.27	  860.64	  330.86	1	1	38315840

 1814.99	 7257.95	 3347.00	 8196.00	 1266.00	  401.71	3	3	38316040

 6114.40	 7615.67	 3414.00	10346.00	  854.00	  321.13	3	4	38316170

 1807.98	 6622.80	 3417.00	 7668.52	 1245.51	  441.02	0	8	38316260

 -735.48	 4841.37	 3227.00	 5864.58	 1643.97	  556.41	0	7	38316270

 5930.49	 7016.53	 3349.00	 9778.45	  829.92	  333.81	0	13	38316290

-2458.22	 2081.34	 3495.00	 4752.88	 2329.10	  788.94	0	4	38316290

 5378.71	 6634.53	 3398.00	 9192.06	  849.46	  361.58	2	10	38316960

 1339.57	 6113.75	 3429.00	 7136.56	 1294.02	  478.62	2	8	38317070

-1231.15	 4633.00	 3295.00	 5817.00	 1748.03	  575.04	2	11	38317070

-2641.78	 1927.68	 3469.00	 4767.49	 2398.04	  778.14	2	2	38317080

-2456.12	 2234.83	 3385.00	 4741.86	 2295.01	  759.16	1	4	38317710

 -636.16	 4902.10	 3340.00	 5965.81	 1623.24	  567.43	1	5	38317740

 1627.72	 6444.27	 3482.00	 7503.49	 1263.74	  460.81	1	9	38317780

 5889.06	 7026.87	 3496.00	 9812.23	  833.91	  347.88	1	1	38317840

 6177.87	 7066.88	 3466.00	10006.00	  814.00	  337.78	3	4	38318180

 2078.37	 6806.55	 3341.00	 7862.00	 1217.00	  419.13	3	3	38318050

 1968.24	 6201.62	 3460.00	 7369.23	 1206.53	  466.72	0	8	38318270

 -416.35	 4537.53	 3191.00	 5562.83	 1587.38	  583.40	0	7	38318270

 5778.50	 6727.57	 3309.00	 9465.77	  822.33	  341.02	0	13	38318290

-1998.73	 1785.45	 3554.00	 4451.26	 2303.76	  883.00	0	4	38318290

 5367.03	 6213.91	 3316.00	 8855.14	  819.71	  366.53	2	10	38318960

 1716.21	 5675.15	 3465.00	 6867.24	 1219.57	  505.05	2	8	38319060

 -884.55	 4259.53	 3184.00	 5391.09	 1695.53	  603.33	2	11	38319060

-2431.82	 1869.03	 3381.00	 4564.88	 2374.25	  796.45	2	2	38319070

-1706.07	 2260.93	 3356.00	 4391.50	 2117.30	  830.60	1	4	38319710

 -350.99	 4616.59	 3258.00	 5661.33	 1572.46	  585.56	1	5	38319750

 1641.22	 5855.05	 3524.00	 7028.07	 1239.02	  501.56	1	9	38319780

 6175.65	 6590.22	 3269.00	 9605.00	  781.00	  331.63	3	4	38320190

 2207.03	 5761.73	 3390.00	 7039.93	 1150.68	  479.77	0	8	38320270

   -6.14	 4022.93	 3326.00	 5219.79	 1501.46	  659.71	0	7	38320290

 5900.46	 6017.25	 3394.00	 9085.26	  759.36	  365.60	0	13	38320290

-1587.40	 1746.24	 3476.00	 4201.40	 2204.53	  930.45	0	4	38320290

 5429.95	 5761.81	 3465.00	 8642.28	  778.31	  393.94	2	10	38320960

 2028.68	 5217.18	 3407.00	 6553.02	 1145.86	  522.11	2	8	38321010

 -461.88	 3876.40	 3230.00	 5066.82	 1613.25	  660.07	2	11	38321070

-1314.52	 1989.67	 3294.00	 4066.59	 2057.53	  901.62	1	4	38321720

  -58.24	 4220.68	 3309.00	 5363.49	 1513.18	  634.89	1	5	38321750

 5866.04	 6155.22	 3490.00	 9191.15	  772.97	  371.93	1	1	38321820

 2552.69	 5219.61	 3473.00	 6769.22	 1065.64	  514.46	0	8	38322280

 6099.16	 6111.95	 3373.00	 9270.00	  751.00	  355.63	3	4	38322210

  391.84	 3716.77	 3240.00	 4946.26	 1399.70	  682.05	0	7	38322300

 5930.16	 5309.89	 3412.00	 8660.46	  697.36	  386.70	0	13	38322300

-1017.96	 1616.79	 3399.00	 3899.16	 2036.59	 1011.00	0	4	38322310

 5456.62	 5342.42	 3490.00	 8396.21	  739.90	  409.35	2	10	38322960

 2237.58	 4765.67	 3461.00	 6300.54	 1080.82	  555.34	2	8	38323020

  121.62	 3454.34	 3275.00	 4761.60	 1466.39	  724.26	2	11	38323060

-1967.95	 1732.97	 3324.00	 4233.79	 2310.55	  862.18	2	13	38321080

 -924.93	 1756.29	 3468.00	 3995.88	 1962.88	 1003.58	1	4	38323720

  345.37	 3817.38	 3276.00	 5042.20	 1413.84	  675.34	1	5	38323750

 2772.69	 5877.83	 3563.00	 7411.59	 1079.10	  478.89	1	10	38321780

 2880.62	 4758.32	 3395.00	 6516.56	  980.16	  523.30	0	8	38324280

 6138.96	 5668.84	 3473.00	 9049.00	  712.00	  376.15	3	4	38324230

  925.39	 3323.22	 3281.00	 4760.79	 1240.66	  726.08	0	7	38324280

 5939.13	 4907.87	 3340.00	 8397.38	  659.48	  390.62	0	13	38324290

 -460.53	 1391.24	 3426.00	 3726.27	 1805.26	 1114.02	0	4	38324300

 5347.68	 4842.54	 3426.00	 7986.57	  702.70	  423.37	2	10	38324960

 2609.96	 4366.33	 3633.00	 6251.03	  985.52	  592.23	2	8	38325000

  436.68	 3168.18	 3254.00	 4562.51	 1369.20	  758.27	2	11	38325050

 -771.36	 1349.04	 3469.00	 3801.17	 1996.01	 1097.82	2	13	38323070

 -381.24	 1625.96	 3402.00	 3789.81	 1719.93	 1064.22	1	4	38325720

  872.17	 3615.93	 3300.00	 4972.49	 1273.99	  692.98	1	5	38325750

 2368.37	 5106.28	 3429.00	 6591.00	 1085.29	  522.49	1	10	38323780

 5681.90	 5562.32	 2925.00	 8472.25	  739.84	  336.61	1	11	38323840

 3170.79	 4275.55	 3461.00	 6349.23	  890.65	  550.53	0	8	38326280

 1283.51	 3117.90	 3296.00	 4715.12	 1127.08	  739.15	0	7	38326290

 6118.73	 5303.95	 3501.00	 8822.00	  682.00	  389.69	3	4	38326230

 5849.06	 4568.81	 3377.00	 8154.12	  633.23	  407.76	0	13	38326290

   84.67	 1168.98	 3390.00	 3586.89	 1430.96	 1182.13	0	4	38326300

 5171.50	 4419.59	 3438.00	 7622.14	  675.29	  446.86	2	10	38326960

 2746.44	 3963.25	 3573.00	 6001.38	  921.32	  608.97	2	8	38327000

  691.30	 2989.50	 3233.00	 4457.28	 1282.99	  774.94	2	11	38327020

 -394.41	 1362.89	 3356.00	 3643.59	 1769.00	 1118.05	2	2	38327040

   29.37	 1430.70	 3475.00	 3758.11	 1480.40	 1126.97	1	4	38327740

 1418.55	 3320.18	 3339.00	 4917.80	 1114.42	  712.71	1	5	38327770

 2700.67	 4664.21	 3372.00	 6357.58	  998.81	  533.86	1	10	38325780

 5549.49	 5018.33	 3392.00	 8214.99	  702.04	  406.46	1	11	38325830

 3381.61	 3939.15	 3659.00	 6351.42	  822.59	  586.27	0	8	38328290

 6121.95	 4820.96	 3470.00	 8530.00	  637.00	  400.07	3	4	38328250

 1680.81	 2837.15	 3315.00	 4675.87	  989.27	  752.50	0	7	38328290

 5742.99	 4227.63	 3360.00	 7883.17	  605.97	  420.47	0	13	38328300

  573.18	 1038.93	 3405.00	 3605.82	 1018.58	 1179.80	0	4	38328320

 5069.58	 3897.53	 3414.00	 7248.91	  625.89	  468.29	2	10	38328970

 2868.35	 3555.57	 3498.00	 5753.74	  851.77	  624.03	2	8	38329010

  503.64	 1271.57	 3422.00	 3685.19	 1139.88	 1136.91	1	4	38329740

 3151.56	 4496.31	 3704.00	 6623.35	  916.21	  566.71	1	10	38327770

 5576.94	 4590.90	 3221.00	 7909.08	  657.68	  400.54	1	11	38327840

 3455.10	 3756.74	 3539.00	 6210.90	  789.92	  578.94	0	8	38330300

 1938.71	 2632.59	 3285.00	 4634.69	  893.85	  752.27	0	7	38330310

 6065.81	 4358.73	 3465.00	 8234.00	  595.00	  414.77	3	4	38330260

 5818.62	 3766.61	 3347.00	 7697.15	  548.61	  429.58	0	13	38330310

 1130.98	  895.24	 3488.00	 3774.48	  639.39	 1125.55	0	4	38330320

 5217.11	 3410.67	 3413.00	 7106.30	  552.91	  478.39	2	10	38330960

 3020.97	 3171.22	 3547.00	 5635.96	  773.17	  650.04	2	8	38330990

  452.32	  940.40	 3254.00	 3417.23	 1071.88	 1203.66	2	13	38329050

  706.81	  848.26	 3316.00	 3494.99	  836.63	 1193.06	2	2	38331030

 1741.42	 2401.34	 3259.00	 4406.82	  900.85	  794.86	2	11	38331010

  991.66	 1162.91	 3490.00	 3809.97	  825.74	 1105.85	1	4	38331740

 2189.16	 2769.65	 3344.00	 4862.69	  861.28	  724.12	1	5	38331760

 3397.68	 3712.32	 3446.00	 6099.22	  792.23	  573.36	1	10	38331780

 5590.99	 3910.57	 3328.00	 7591.26	  582.84	  433.36	1	11	38331800

 3631.52	 3131.98	 3504.00	 5939.29	  679.60	  602.58	0	8	38332300

 2306.44	 2381.63	 3268.00	 4655.28	  765.31	  743.13	0	7	38332310

 5645.51	 3635.07	 3368.00	 7511.92	  546.28	  443.97	0	13	38332310

 1718.42	  773.92	 3599.00	 4062.60	  404.09	 1039.35	0	4	38332320

 5262.88	 2956.63	 3375.00	 6915.94	  488.78	  486.82	2	10	38332960

 3289.76	 2775.11	 3395.00	 5481.77	  669.16	  637.78	2	8	38332990

 2329.81	 2025.40	 3283.00	 4506.48	  683.36	  779.36	2	11	38333000

  918.40	  787.35	 3305.00	 3519.43	  676.78	 1164.94	2	2	38333010

 1404.34	 1052.59	 3501.00	 3916.26	  614.21	 1056.26	1	4	38333740

 2664.76	 2483.38	 3329.00	 4934.61	  716.37	  707.08	1	5	38333760

 3674.91	 3097.68	 3541.00	 5969.86	  668.81	  606.34	1	10	38333780

 5548.80	 3086.06	 3453.00	 7227.46	  484.69	  475.65	0	13	38334310

 3784.06	 2830.41	 3504.00	 5882.88	  613.26	  609.29	0	8	38334310

 2823.68	 1892.65	 3280.00	 4723.74	  563.89	  732.94	0	7	38334310

 6123.03	 3299.67	 3361.00	 7725.00	  472.00	  429.84	3	4	38334310

 2211.33	  663.40	 3506.00	 4197.87	  278.32	  943.92	0	4	38334320

 5243.74	 2550.52	 3370.00	 6734.90	  432.30	  500.42	2	10	38334970

 3372.88	 2444.11	 3472.00	 5422.62	  598.81	  663.55	2	8	38334980

 2912.82	 1653.13	 3307.00	 4706.77	  492.94	  743.94	2	11	38335010

 1733.88	  639.28	 3345.00	 3821.52	  337.31	 1018.02	2	2	38335010

 1936.11	  979.67	 3382.00	 4018.23	  447.32	  955.27	1	4	38335740

 2944.65	 2110.34	 3368.00	 4946.51	  593.80	  715.21	1	5	38335760

 3795.40	 2459.82	 3536.00	 5741.00	  549.13	  633.65	1	10	38335780

 5469.43	 3474.28	 3512.00	 7370.17	  540.41	  474.30	1	12	38333800

 4193.55	 2111.64	 3461.00	 5832.96	  445.45	  606.59	0	8	38336320

 5633.39	 2233.08	 3371.00	 6934.36	  360.39	  484.78	0	13	38336330

 3230.56	 1549.61	 3159.00	 4776.72	  427.10	  690.03	0	7	38336330

 2663.56	  613.07	 3484.00	 4428.17	  216.03	  864.76	0	4	38336330

 5405.08	 2075.12	 3446.00	 6737.65	  350.05	  512.68	2	10	38336970

 2951.58	 1331.34	 3293.00	 4618.24	  404.64	  758.05	2	11	38337000

 3519.74	 2007.15	 3396.00	 5286.78	  494.90	  666.13	2	8	38336990

 2546.18	  444.14	 3358.00	 4237.50	  164.91	  873.58	2	2	38337010

 2461.72	  812.66	 3371.00	 4252.54	  304.48	  873.98	1	4	38337750

 3093.17	 1620.73	 3321.00	 4819.08	  460.89	  726.03	1	5	38337760

 3821.52	 1993.90	 3407.00	 5494.30	  459.23	  638.72	1	10	38337770

 5053.96	 2561.58	 3343.00	 6578.74	  447.97	  509.01	1	12	38337790

 4421.19	 1711.58	 3386.00	 5825.93	  352.72	  592.24	0	8	38338320

 3700.86	 1187.61	 3213.00	 5042.83	  296.52	  659.65	0	7	38338320

 5679.51	 1503.17	 3303.00	 6739.90	  247.07	  489.08	0	13	38338320

 6207.32	 2242.12	 3469.00	 7456.00	  331.00	  462.12	3	4	38338340

 2959.90	  731.27	 3499.00	 4640.99	  231.29	  815.54	0	4	38338340

 5249.17	 1686.20	 3390.00	 6472.18	  296.81	  526.44	2	10	38338960

 3719.67	 1561.49	 3383.00	 5264.87	  379.54	  666.38	2	8	38338980

 2707.50	  338.13	 3291.00	 4274.99	  118.64	  838.97	2	2	38338990

 3025.70	 1111.52	 3425.00	 4703.29	  336.19	  778.95	2	11	38338990

 3030.36	  688.03	 3395.00	 4602.45	  213.20	  792.20	1	4	38339750

 3761.74	 1407.86	 3000.00	 5013.26	  341.98	  612.61	1	13	38339760

 5414.05	 1955.85	 3329.00	 6649.78	  331.04	  500.68	1	11	38339790

 4481.27	 1897.47	 3685.00	 6104.21	  382.48	  618.90	1	14	38339770

 3381.07	  607.17	 3401.00	 4833.95	  169.68	  745.23	0	4	38340330

 4617.58	 1239.34	 3376.00	 5852.81	  250.40	  587.12	0	8	38340320

 4074.05	  899.05	 3206.00	 5261.61	  207.41	  625.67	0	7	38340330

 5566.58	 1346.26	 3399.00	 6659.77	  226.60	  511.48	0	13	38340320

 6138.14	 1762.40	 3520.00	 7292.00	  267.00	  481.05	3	4	38340370

 5181.48	 1242.28	 3466.00	 6356.42	  224.71	  550.72	2	10	38340960

 4162.87	 1054.36	 3411.00	 5484.17	  236.88	  641.01	2	8	38340970

 2866.21	  191.12	 3353.00	 4415.23	   63.58	  823.55	2	2	38340980

 3616.90	  511.91	 3386.00	 4980.87	  134.26	  713.80	1	4	38341750

 5124.25	 1602.09	 3295.00	 6299.34	  289.36	  525.64	1	11	38341780

 4423.82	 1573.82	 3352.00	 5769.14	  326.39	  592.04	1	14	38341770

 5239.59	 1673.36	 3339.00	 6434.47	  295.20	  521.00	0	13	38342340

 3948.41	  318.25	 3450.00	 5252.98	   76.80	  684.23	0	4	38342340

 4819.77	  855.50	 3412.00	 5966.89	  167.75	  581.29	0	8	38342340

 6120.89	 1280.95	 3532.00	 7182.00	  197.00	  490.97	3	4	38342400

 4420.94	  710.97	 3123.00	 5459.24	  152.27	  581.56	0	7	38342350

 5062.95	  734.72	 3421.00	 6154.39	  137.62	  562.84	2	10	38342970

 4458.37	  600.27	 3441.00	 5663.74	  127.80	  623.54	2	8	38342980

 3452.77	   80.56	 3302.00	 4778.21	   22.28	  728.56	2	2	38342990

 3801.20	  538.27	 3401.00	 5128.90	  134.33	  692.29	2	11	38342980

 4326.07	  454.48	 3337.00	 5482.43	   99.95	  624.89	1	4	38343760

 5209.80	 1173.69	 3331.00	 6294.06	  211.60	  532.56	1	11	38343790

 4481.51	  810.78	 3440.00	 5707.45	  170.91	  617.75	1	13	38343780

 4810.81	  352.70	 3155.00	 5763.88	   69.88	  553.12	0	7	38344390

 5052.85	  300.02	 3384.00	 6088.74	   56.63	  562.74	0	8	38344340

 4503.04	   67.40	 3473.00	 5687.14	   14.29	  627.31	0	4	38344360

 6069.07	  773.16	 3563.00	 7080.00	  121.00	  503.59	3	4	38344430

 4497.33	  241.08	 3440.00	 5667.25	   51.14	  622.88	2	11	38344990

 4016.64	  -57.94	 3291.00	 5193.02	 5986.23	  655.44	2	2	38344990

 4892.01	  544.16	 3358.00	 5958.53	  105.79	  571.71	1	13	38345780

 4988.01	  -98.22	 3465.00	 6074.22	 5981.20	  579.69	0	4	38346360

 5509.45	   62.55	 3532.00	 6544.69	   10.84	  544.36	0	15	38346360

 4961.07	 -185.13	 3452.00	 6046.72	 5964.38	  580.20	2	14	38346990

 5277.52	  432.60	 3361.00	 6271.82	   78.10	  540.07	1	13	38347780

 5211.97	 -429.59	 3152.00	 6106.09	 5921.47	  517.97	2	14	38348990

 5186.47	 -346.14	 3301.00	 6157.59	 5936.36	  540.29	2	2	38348990

 5549.81	  -62.60	 3359.00	 6487.47	 5989.23	  519.71	1	13	38349790

 6092.58	 -305.76	 3435.00	 7000.87	 5952.12	  489.73	0	4	38350370

 5783.11	 -258.49	 3218.00	 6623.19	 5957.35	  484.49	0	7	38350370

 5995.20	 -437.46	 3371.00	 6891.84	 5930.44	  488.06	2	2	38350960

 5598.64	 -829.17	 3192.00	 6497.78	 5859.59	  490.37	2	14	38350960

 4956.89	 -850.61	 3344.00	 6039.59	 5837.71	  560.33	2	15	38350990

 5885.53	 -537.30	 3280.00	 6759.18	 5913.06	  483.83	1	13	38351780

 5400.50	 -153.31	 3333.00	 6348.05	 5972.90	  527.85	1	11	38351770

 6416.12	   83.81	 3369.00	 7247.33	   12.47	  461.69	1	4	38351780

 6166.80	 -831.01	 3204.00	 6998.97	 5872.09	  454.07	0	7	38352370

 6334.86	 -188.25	 3527.00	 7252.97	 5971.63	  484.94	0	16	38352370

 6515.20	 -677.88	 2950.00	 7184.00	 5901.00	  404.08	3	5	38350490

 6328.81	 -531.11	 3349.00	 7179.95	 5920.05	  463.39	2	2	38352960

 5813.99	-1180.56	 3401.00	 6838.35	 5808.70	  497.07	2	14	38352980

 5474.70	-1129.83	 3360.00	 6522.15	 5805.66	  516.81	2	15	38352980

 6271.52	 -939.72	 3359.00	 7176.21	 5857.97	  465.16	1	13	38353780

 6520.72	 -150.56	 3365.00	 7339.32	 5977.96	  454.83	1	4	38353790

 6521.14	-1149.46	 3170.00	 7341.35	 5833.39	  426.36	0	7	38354370

 7103.56	 -506.58	 3450.00	 7913.26	 5932.02	  430.79	0	4	38354350

 6438.78	 -978.37	 2987.00	 7165.00	 5856.00	  410.64	3	6	38352510

 7142.13	-1315.98	 3329.00	 7989.00	 5826.00	  410.44	3	5	38354520

 6637.90	 -593.35	 3350.00	 7458.97	 5914.87	  444.79	2	2	38354960

 6089.17	-1556.98	 3379.00	 7135.82	 5760.95	  471.06	2	14	38354960

 5687.76	-1354.46	 3241.00	 6685.00	 5776.76	  483.34	2	15	38354980

 5084.83	-1315.21	 3441.00	 6278.99	 5758.30	  553.85	2	16	38354980

 6391.41	-1301.74	 3377.00	 7344.98	 5808.13	  456.20	1	13	38355780

 5076.73	 -891.69	 3414.00	 6182.53	 5833.97	  558.64	1	11	38355750

 6919.95	 -311.97	 3458.00	 7742.15	 5956.98	  442.15	1	4	38355790

 7578.07	 -687.13	 3376.00	 8324.46	 5913.65	  398.76	0	4	38356360

 6987.03	-1821.28	 3319.00	 7946.78	 5756.50	  411.44	0	7	38356380

 7950.86	 -634.13	 2787.00	 8449.00	 5924.00	  321.01	3	7	38356500

 6645.18	-1588.01	 3365.00	 7616.00	 5776.00	  437.01	3	6	38356540

 7467.20	-1817.55	 3177.00	 8316.00	 5772.00	  374.33	3	5	38356540

 6981.89	 -749.83	 3265.00	 7743.98	 5897.84	  415.61	2	2	38356940

 6554.90	-1830.51	 3256.00	 7544.47	 5739.95	  426.13	2	14	38356960

 5243.50	-1630.00	 3209.00	 6359.95	 5712.19	  505.04	2	15	38356990

 4471.49	-1763.84	 3277.00	 5817.57	 5641.21	  571.40	2	16	38356990

 4910.63	-1254.40	 3375.00	 6089.21	 5761.17	  561.00	1	11	38357760

 7206.40	 -409.69	 3433.00	 7992.84	 5945.77	  423.94	1	4	38357800

 5746.01	-1073.99	 3661.00	 6897.32	 5823.55	  534.31	1	15	38357780

 7779.15	 -167.96	 3469.00	 8519.24	 5979.38	  400.48	0	16	38358380

 7405.90	-1934.27	 3305.00	 8337.37	 5756.04	  389.23	0	7	38358380

 8339.30	 -929.51	 3377.00	 9045.00	 5894.00	  365.38	3	7	38358490

 7948.80	-2138.80	 3212.00	 8836.00	 5749.00	  355.27	3	5	38358550

 6778.58	-1961.67	 3379.00	 7824.00	 5731.00	  426.44	3	6	38358570

 7516.95	 -950.28	 3333.00	 8277.47	 5879.92	  395.74	2	2	38358930

 6981.97	-2172.35	 3314.00	 8028.05	 5711.95	  406.35	2	14	38358960

 5862.79	-1955.99	 3343.00	 7026.65	 5692.50	  473.48	2	15	38358980

 4354.22	-2126.36	 3272.00	 5846.93	 5566.19	  567.15	2	16	38358980

 4589.75	-1784.21	 3257.00	 5904.01	 5645.95	  558.02	1	11	38359750

 6068.30	-1434.74	 3367.00	 7086.57	 5778.30	  472.79	1	15	38359770

 7195.32	-1894.77	 3332.00	 8152.61	 5754.12	  402.06	1	13	38359790

 8091.26	 -397.92	 3340.00	 8762.56	 5953.07	  373.43	1	4	38359810

 8526.07	-1363.16	 3409.00	 9282.96	 5848.61	  359.08	0	4	38360360

 7747.94	-2313.28	 3253.00	 8715.73	 5722.94	  365.25	0	7	38360380

 8874.07	 -857.60	 3462.00	 9564.00	 5908.00	  353.70	3	7	38360490

 8224.82	-2352.22	 3244.00	 9149.00	 5734.00	  346.12	3	5	38360550

 6856.01	-2227.65	 3359.00	 7953.00	 5700.00	  416.39	3	6	38360570

 7984.93	-1162.61	 3382.00	 8749.21	 5861.93	  379.00	2	2	38360920

 7145.13	-2520.72	 3340.00	 8280.24	 5676.13	  396.48	2	14	38360930

 5976.90	-2154.15	 3351.00	 7182.82	 5669.67	  463.49	2	15	38360960

 4289.13	-2476.30	 3280.00	 5940.30	 5500.00	  558.59	2	16	38360980

 4632.93	-2158.27	 3358.00	 6115.42	 5583.69	  555.09	1	11	38361750

 6112.79	-1696.47	 3302.00	 7151.74	 5741.49	  458.29	1	15	38361770

 7798.62	-2079.02	 3276.00	 8710.51	 5751.21	  368.20	1	13	38361790

 8732.40	 -449.56	 3405.00	 9383.54	 5950.88	  354.61	1	4	38361830

 8980.40	-1542.85	 3335.00	 9703.11	 5837.53	  335.05	0	4	38362360

 8158.88	-2659.90	 3214.00	 9163.63	 5699.06	  342.20	0	7	38362380

 9329.12	-1000.29	 3327.00	 9955.00	 5898.00	  325.40	3	7	38362490

 5736.81	-2870.27	 3404.00	 7262.00	 5557.00	  465.88	3	8	38362600

 6995.50	-2518.53	 3425.00	 8186.00	 5670.00	  412.22	3	6	38362570

 8558.15	-1294.32	 3382.00	 9292.75	 5856.66	  355.71	2	2	38362920

 7552.70	-2745.02	 3427.00	 8736.29	 5667.11	  384.93	2	14	38362940

 5984.50	-2380.66	 3438.00	 7300.79	 5638.45	  468.22	2	15	38362950

 4694.38	-2411.64	 3331.00	 6240.89	 5546.82	  537.64	1	11	38363750

 6280.10	-1962.57	 3492.00	 7448.85	 5710.76	  465.94	1	15	38363770

 8379.46	-2266.68	 3276.00	 9278.22	 5747.72	  344.60	1	13	38363790

 9409.43	-1469.83	 3366.00	10100.88	 5852.03	  324.42	0	4	38364370

 8576.44	-2983.87	 3307.00	 9664.11	 5680.28	  333.51	0	7	38364390

 9632.89	-1196.43	 3357.00	10271.00	 5882.00	  317.95	3	7	38364510

 9028.82	-1399.91	 3325.00	 9722.91	 5853.11	  333.29	2	2	38364920

 8088.64	-3038.62	 3350.00	 9267.25	 5656.84	  353.19	2	14	38364930

 4361.82	-2813.63	 3420.00	 6215.98	 5452.93	  556.34	2	17	38364980

 4688.80	-2672.16	 3275.00	 6312.76	 5505.35	  520.85	1	11	38365740

 6476.56	-2383.57	 3508.00	 7741.66	 5663.25	  449.08	1	15	38365770

 8581.55	-2625.67	 3310.00	 9565.21	 5716.46	  337.43	1	13	38365800

 9440.52	 -820.70	 3463.00	10089.07	 5917.19	  334.58	1	16	38365830

 9810.00	-1435.10	 3324.00	10456.79	 5861.29	  308.91	0	4	38366360

 8880.97	-3393.77	 3266.00	10052.67	 5651.44	  315.98	0	7	38366390

10129.20	-1355.12	 3521.00	10809.00	 5873.00	  316.85	3	7	38366510

 9213.18	-3111.33	 3170.00	10228.00	 5689.00	  300.92	3	5	38366570

 7218.03	-3105.59	 3403.00	 8563.00	 5612.00	  390.27	3	6	38366590

 9630.10	-1440.08	 3378.00	10306.48	 5858.25	  318.88	2	2	38366910

 8631.43	-3282.44	 3200.00	 9773.23	 5652.98	  318.54	2	14	38366920

 4721.59	-2911.76	 3385.00	 6498.46	 5472.30	  523.20	1	11	38367740

 6673.39	-2516.54	 3265.00	 7843.93	 5655.64	  409.96	1	15	38367770

 8911.12	-2928.19	 3285.00	 9938.49	 5696.83	  321.69	1	13	38367800

10186.36	-1439.14	 3424.00	10842.37	 5865.97	  306.82	0	4	38368370

 9180.33	-3489.96	 3315.00	10365.69	 5653.09	  310.85	0	7	38368390

10618.00	-1330.07	 3478.00	11252.00	 5881.00	  300.08	3	7	38368500

 9579.60	-3816.06	 3307.00	10829.00	 5638.00	  296.35	3	5	38368590

 7232.30	-3412.51	 3416.00	 8696.00	 5579.00	  385.51	3	6	38368600

 9632.09	-1603.03	 3562.00	10393.98	 5842.52	  334.02	2	2	38368900

 9018.52	-3575.05	 3343.00	10261.10	 5639.60	  316.89	2	14	38368920

 4570.01	-3510.00	 3572.00	 6779.70	 5374.57	  529.90	2	18	38368970

 4741.07	-3130.07	 3393.00	 6617.22	 5442.78	  514.12	1	11	38369750

 6853.52	-2698.20	 3323.00	 8080.43	 5641.84	  404.71	1	15	38369760

10245.11	-1116.70	 3481.00	10877.81	 5896.32	  311.06	1	16	38369840

10612.04	-1539.37	 3352.00	11234.81	 5862.44	  289.32	0	4	38370380

 9525.42	-3551.40	 3181.00	10651.99	 5659.21	  289.59	0	7	38370400

11115.04	-1451.48	 3513.00	11747.00	 5876.00	  290.01	3	7	38370510

 9917.41	-4168.90	 3270.00	11244.00	 5620.00	  281.79	3	5	38370600

 7242.73	-3719.06	 3342.00	 8801.00	 5547.00	  371.95	3	6	38370610

10150.25	-1727.52	 3425.00	10850.92	 5839.02	  306.66	2	2	38370900

 8988.52	-3984.07	 3276.00	10363.33	 5601.59	  307.14	2	14	38370920

 6272.20	-3352.97	 3458.00	 7908.27	 5531.20	  432.16	2	19	38368950

 4623.08	-3453.48	 3364.00	 6679.51	 5387.33	  504.01	1	11	38371740

 6922.82	-3019.42	 3201.00	 8202.97	 5607.26	  382.81	1	15	38371770

 9636.00	-3533.18	 3434.00	10822.58	 5664.40	  308.33	1	13	38371830

11172.35	 -951.66	 3486.00	11742.20	 5918.85	  287.84	1	4	38371850

11218.83	-1650.42	 3402.00	11838.90	 5860.52	  278.33	0	4	38372380

 9944.22	-3871.33	 3333.00	11179.61	 5645.48	  289.09	0	7	38372400

11547.32	-1643.43	 3526.00	12185.00	 5865.00	  280.34	3	7	38372510

10217.45	-4446.91	 3319.00	11627.00	 5608.00	  276.44	3	5	38372600

 7477.50	-3989.26	 3355.00	 9115.00	 5532.00	  359.95	3	6	38372630

10735.79	-1864.49	 3403.00	11415.51	 5835.79	  289.06	2	2	38372900

 9528.93	-4408.01	 3254.00	10991.79	 5586.25	  287.00	2	14	38372920

 6311.92	-3611.04	 3349.00	 8005.98	 5503.77	  412.13	2	19	38370960

 4531.39	-3769.62	 3502.00	 6856.20	 5337.39	  511.93	1	11	38373740

 6709.25	-3431.78	 3329.00	 8238.53	 5548.50	  397.22	1	15	38373760

10076.76	-3989.06	 3177.00	11293.67	 5640.05	  272.30	1	17	38373840

11378.29	-1190.24	 3466.00	11953.88	 5900.47	  280.91	1	16	38373860

11703.41	-1822.31	 3302.00	12296.09	 5852.50	  259.62	0	4	38374370

10342.07	-4534.47	 3301.00	11765.05	 5605.42	  271.58	0	7	38374400

11992.54	-1758.08	 3464.00	12606.00	 5861.00	  265.82	3	7	38374510

10582.06	-4684.90	 3241.00	12018.00	 5602.00	  260.75	3	5	38374590

11396.67	-1914.66	 3402.00	12046.72	 5841.05	  273.39	2	2	38374880

 9964.58	-4659.06	 3260.00	11472.90	 5582.35	  275.13	2	14	38374900

 6210.15	-3930.81	 3391.00	 8094.20	 5461.13	  412.80	2	19	38372950

 4586.00	-4173.00	 3634.00	 7186.88	 5294.99	  506.24	2	20	38372980

 4476.96	-4120.91	 3422.00	 6981.06	 5289.52	  489.21	1	11	38375730

 6711.88	-3855.43	 3290.00	 8410.58	 5502.10	  383.79	1	15	38375760

10504.57	-4179.82	 3333.00	11786.68	 5638.37	  273.77	1	13	38375820

12031.06	-1379.18	 3508.00	12607.72	 5891.01	  269.26	1	16	38375870

12257.36	-2026.96	 3345.00	12866.25	 5843.50	  251.15	0	4	38376370

10754.46	-4977.27	 3294.00	12299.68	 5586.08	  258.90	0	7	38376400

 7414.18	-4069.54	 3219.00	 9049.49	 5520.64	  347.28	0	17	38376400

12473.57	-1882.00	 3584.00	13114.00	 5857.00	  264.34	3	7	38376510

 4970.45	-5010.97	 3544.00	 7897.79	 5246.12	  444.37	0	18	38376400

10951.75	-5000.24	 3230.00	12465.00	 5591.00	  250.30	3	5	38376600

 7747.92	-4538.41	 3249.00	 9549.00	 5494.00	  331.53	3	6	38376630

12171.31	-1921.40	 3376.00	12776.15	 5850.49	  255.37	2	2	38376890

10368.23	-5024.82	 3261.00	11974.27	 5569.06	  263.39	2	14	38376910

 6570.59	-4174.63	 3245.00	 8433.87	 5459.50	  377.15	2	19	38374950

 3874.86	-4411.15	 3297.00	 6733.72	 5188.28	  488.60	2	20	38374970

 4588.56	-4251.03	 3435.00	 7136.20	 5286.45	  479.56	1	11	38377720

 6832.74	-4248.84	 3271.00	 8685.53	 5468.75	  368.72	1	15	38377760

10892.04	-4553.01	 3407.00	12287.15	 5621.91	  268.30	1	13	38377840

12460.51	-1563.13	 3551.00	13050.57	 5880.83	  263.15	1	16	38377870

12736.56	-2105.32	 3397.00	13348.85	 5843.57	  245.71	0	4	38378390

 7454.30	-4489.63	 3413.00	 9347.30	 5482.33	  356.93	0	17	38378410

12862.39	-1954.44	 3490.00	13470.00	 5856.00	  250.27	3	7	38378510

11133.02	-5330.87	 3250.00	12764.20	 5573.55	  245.85	0	7	38378410

 4850.00	-5155.83	 3430.00	 7865.75	 5220.82	  430.89	0	18	38378410

11284.43	-5396.91	 3329.00	12944.00	 5574.00	  248.38	3	5	38378600

12630.69	-2006.07	 3436.00	13242.54	 5849.59	  250.64	2	2	38378880

11213.22	-5331.28	 3351.00	12860.33	 5576.19	  251.73	2	14	38378910

 5111.00	-4893.91	 3649.00	 7961.65	 5270.72	  454.65	2	18	38378980

 4131.57	-4654.76	 3342.00	 7064.39	 5193.21	  470.57	2	20	38376970

 4591.50	-4483.95	 3487.00	 7303.89	 5261.32	  475.28	1	11	38379720

 7034.85	-4510.31	 3340.00	 8999.31	 5455.58	  363.10	1	15	38379760

11194.78	-4869.61	 3420.00	12678.04	 5608.19	  260.83	1	17	38379840

12692.60	-1552.87	 3617.00	13288.95	 5883.75	  263.23	1	16	38379880

13208.36	-2188.57	 3381.00	13808.75	 5843.20	  236.21	0	4	38380390

11533.78	-5623.46	 3243.00	13235.12	 5566.80	  236.39	0	7	38380410

13257.91	-2000.34	 3427.00	13839.00	 5857.00	  238.96	3	7	38380510

 7630.80	-4962.23	 3481.00	 9745.26	 5449.41	  348.80	0	17	38380400

 4789.83	-4775.97	 3350.00	 7548.17	 5251.38	  439.13	0	18	38380400

11583.22	-5719.75	 3323.00	13339.00	 5562.00	  240.42	3	5	38380600

 7768.67	-5255.83	 3248.00	 9926.00	 5432.00	  318.34	3	6	38380640

 5139.31	-5780.41	 3400.00	 8449.00	 5194.00	  395.49	3	9	38380730

13216.02	-2092.53	 3414.00	13809.31	 5850.05	  238.56	2	2	38380880

11652.79	-5734.92	 3383.00	13420.93	 5563.27	  243.33	2	14	38380900

 7010.86	-4628.95	 3386.00	 9057.84	 5442.75	  365.86	2	19	38378950

 4230.60	-5305.50	 3246.00	 7522.15	 5142.81	  426.07	2	20	38380980

 7298.93	-4889.03	 3695.00	 9530.48	 5436.41	  380.19	2	21	38380960

 4520.37	-4878.67	 3405.00	 7471.90	 5213.61	  451.84	1	11	38381710

 7324.48	-4782.38	 3346.00	 9365.62	 5447.64	  348.87	1	15	38381760

11670.42	-5188.04	 3331.00	13198.86	 5600.54	  243.63	1	17	38381830

13638.22	-2132.43	 3407.00	14218.16	 5851.89	  231.07	0	4	38382380

 4797.79	-5459.76	 3518.00	 8074.91	 5188.46	  430.47	0	18	38382400

13719.18	-2114.04	 3440.00	14301.00	 5854.00	  231.98	3	7	38382510

 7817.74	-5439.33	 3343.00	10093.52	 5419.52	  322.36	0	17	38382400

11922.65	-6062.69	 3277.00	13771.15	 5550.78	  229.44	0	7	38382410

12019.87	-5872.88	 3138.00	13741.00	 5566.00	  220.02	3	5	38382610

 7978.51	-5434.41	 3241.00	10183.00	 5429.00	  309.31	3	6	38382650

 5012.69	-5969.66	 3498.00	 8544.00	 5167.00	  402.80	3	9	38382740

13567.31	-2257.41	 3405.00	14169.05	 5842.56	  231.75	2	2	38382880

11892.02	-6074.60	 3405.00	13780.96	 5549.02	  238.41	2	14	38382900

 4375.36	-5587.99	 3312.00	 7831.91	 5134.35	  416.95	2	20	38382970

 4531.39	-5162.08	 3398.00	 7663.35	 5187.96	  438.69	1	11	38383700

 7604.10	-4841.29	 3350.00	 9616.81	 5458.61	  339.77	1	15	38383750

12161.74	-5536.97	 3339.00	13773.70	 5592.02	  233.82	1	17	38383840

13616.31	-1860.19	 3590.00	14203.95	 5870.35	  244.00	1	16	38383900

14091.39	-2336.47	 3439.00	14691.94	 5843.09	  225.62	0	4	38384390

 4808.41	-5623.29	 3401.00	 8143.03	 5175.56	  411.45	0	18	38384420

14229.89	-2330.23	 3405.00	14816.00	 5845.00	  221.44	3	7	38384510

 8007.07	-5707.32	 3406.00	10406.13	 5408.65	  318.42	0	17	38384420

12261.11	-6617.82	 3256.00	14308.45	 5527.37	  219.22	0	7	38384420

12385.03	-6261.56	 3244.00	14252.00	 5553.00	  219.28	3	5	38384610

 8060.37	-5728.21	 3339.00	10437.00	 5410.00	  310.97	3	6	38384650

13763.17	-2485.76	 3438.00	14402.21	 5829.37	  230.18	2	2	38384880

 5010.26	-6321.38	 3595.00	 8831.00	 5140.00	  400.37	3	9	38384750

 7384.28	-5600.70	 3528.00	 9916.77	 5380.35	  347.34	2	21	38384940

 7548.45	-5350.85	 3402.00	 9858.21	 5411.14	  336.46	2	19	38382930

 4708.20	-5910.34	 3349.00	 8265.29	 5142.35	  398.38	2	20	38384980

 4582.47	-5559.44	 3513.00	 8015.46	 5158.29	  433.23	1	11	38385710

 7721.44	-5046.75	 3330.00	 9807.10	 5447.19	  330.82	1	15	38385760

12495.06	-5731.36	 3365.00	14152.67	 5589.33	  229.24	1	17	38385860

14353.26	-1846.00	 3588.00	14909.65	 5877.86	  232.08	1	16	38385910

14561.00	-2544.87	 3433.00	15175.13	 5834.77	  217.92	0	4	38386390

 4777.72	-5979.25	 3412.00	 8379.72	 5143.78	  400.46	0	18	38386410

14818.18	-2570.20	 3382.00	15415.00	 5836.00	  211.23	3	7	38386510

 8142.77	-6072.37	 3433.00	10722.12	 5388.11	  311.23	0	17	38386420

12838.95	-6575.68	 3188.00	14773.00	 5548.00	  207.71	3	5	38386610

 8230.98	-5980.15	 3294.00	10694.00	 5400.00	  299.00	3	6	38386670

14184.63	-2645.87	 3344.00	14811.70	 5823.90	  217.47	2	2	38386850

 4974.92	-6742.89	 3458.00	 9065.00	 5107.00	  373.74	3	9	38386750

11799.17	-6692.97	 3344.00	13971.34	 5507.27	  230.80	2	14	38386890

 4672.22	-6250.44	 3363.00	 8497.49	 5112.97	  388.56	2	20	38386970

 4639.69	-5798.99	 3587.00	 8247.52	 5144.38	  429.67	1	11	38387700

 7911.19	-5273.74	 3369.00	10087.09	 5438.53	  325.19	1	15	38387760

12767.55	-6036.12	 3290.00	14500.66	 5578.28	  218.56	1	17	38387860

15022.85	-1921.53	 3506.00	15545.75	 5878.52	  217.23	1	16	38387920

15101.14	-2598.05	 3387.00	15692.87	 5837.30	  207.74	0	4	38388390

 8161.47	-6041.17	 3405.00	10709.78	 5391.52	  308.97	0	17	38388410

15313.39	-2838.17	 3442.00	15950.00	 5825.00	  207.71	3	7	38388510

13176.13	-6976.40	 3197.00	15248.00	 5535.00	  201.71	3	5	38388610

 8400.23	-6238.56	 3238.00	10953.00	 5390.00	  286.59	3	6	38388660

14500.00	-2837.72	 3410.00	15163.47	 5815.45	  216.60	2	2	38388850

12552.86	-6898.13	 3287.00	14695.68	 5520.17	  215.41	2	14	38388880

 4955.06	-6972.44	 3489.00	 9238.00	 5090.00	  369.83	3	9	38388760

 8048.43	-6068.41	 3410.00	10641.01	 5383.07	  311.51	2	19	38388930

 4350.80	-6565.05	 3435.00	 8592.35	 5058.89	  392.73	2	20	38388970

 4510.36	-6143.06	 3565.00	 8413.66	 5104.78	  417.82	1	11	38389700

 7953.23	-5590.81	 3484.00	10327.11	 5414.91	  328.61	1	15	38389760

13075.72	-6318.62	 3239.00	14879.19	 5570.14	  209.55	1	17	38389860

15429.96	-1976.13	 3613.00	15970.05	 5878.36	  217.93	1	16	38389930

15655.43	-2613.93	 3400.00	16232.23	 5842.02	  201.51	0	4	38390400

13385.85	-7486.02	 3259.00	15679.37	 5513.07	  199.94	0	7	38390460

15832.05	-2985.77	 3366.00	16459.00	 5822.00	  196.68	3	7	38390510

 4785.09	-6660.74	 3709.00	 9001.07	 5094.89	  405.57	0	19	38390430

13586.97	-7248.67	 3294.00	15748.00	 5532.00	  201.23	3	5	38390630

13080.76	-6831.79	 3430.00	15150.73	 5540.38	  218.08	0	20	38388450

 8508.29	-6528.64	 3260.00	11209.00	 5375.00	  281.80	3	6	38390680

14860.88	-3053.51	 3292.00	15524.40	 5806.48	  204.05	2	2	38390850

13258.30	-7247.69	 3341.00	15474.94	 5522.28	  207.80	2	14	38390890

 4805.95	-7200.77	 3508.00	 9341.00	 5062.00	  367.64	3	9	38390770

 7772.47	-6502.11	 3476.00	10713.14	 5334.76	  315.55	2	21	38390940

 4630.59	-6905.42	 3349.00	 8963.42	 5064.08	  365.66	2	20	38390990

 4394.17	-6467.38	 3511.00	 8571.04	 5069.89	  403.03	1	11	38391690

 8013.90	-5844.38	 3330.00	10462.71	 5398.29	  309.31	1	15	38391760

13530.18	-6683.85	 3255.00	15438.09	 5561.85	  202.86	1	17	38391870

15917.92	-2088.41	 3575.00	16447.56	 5875.43	  209.23	1	16	38391940

16096.24	-2881.64	 3317.00	16685.18	 5830.84	  191.11	0	4	38392400

 8346.10	-6192.12	 3330.00	10912.78	 5390.46	  296.12	0	17	38392430

16197.76	-3107.47	 3420.00	16844.00	 5819.00	  195.25	3	7	38392510

13715.76	-7493.63	 3380.00	15990.65	 5522.50	  203.38	0	7	38392460

 4670.56	-7203.74	 3448.00	 9251.85	 5049.29	  364.69	0	18	38392430

13938.89	-7492.77	 3208.00	16147.00	 5529.00	  190.99	3	5	38392620

 8639.73	-6906.89	 3161.00	11504.00	 5356.00	  265.81	3	6	38392670

15242.81	-3222.20	 3370.00	15939.97	 5801.06	  203.42	2	2	38392850

13777.32	-7489.23	 3333.00	16031.59	 5524.53	  199.99	2	14	38392890

 4732.32	-7439.70	 3433.00	 9462.00	 5041.00	  354.56	3	9	38392790

 7983.78	-6714.80	 3593.00	11033.53	 5332.24	  316.74	2	21	38392940

 4304.03	-6855.19	 3423.00	 8788.36	 5035.38	  382.05	1	11	38393690

 8018.27	-6222.03	 3375.00	10695.65	 5369.82	  306.57	1	15	38393760

13858.79	-7038.22	 3249.00	15879.50	 5551.27	  196.77	1	17	38393880

16316.00	-2246.11	 3510.00	16839.74	 5869.36	  200.51	1	16	38393950

16526.12	-2997.62	 3378.00	17132.12	 5828.65	  189.53	0	4	38394390

 8607.69	-6813.06	 3374.00	11484.51	 5360.63	  284.75	0	17	38394430

16654.30	-2996.58	 3313.00	17243.00	 5830.00	  184.62	3	7	38394510

14309.09	-7749.81	 3309.00	16606.00	 5526.00	  191.57	3	5	38394620

 8745.43	-7219.44	 3326.00	11818.00	 5341.00	  272.43	3	6	38394680

15668.05	-3317.86	 3317.00	16355.38	 5800.73	  195.02	2	2	38394830

14191.34	-7824.82	 3474.00	16573.79	 5518.81	  201.66	2	14	38394870

 4688.18	-7833.38	 3469.00	 9766.00	 5015.00	  346.77	3	9	38394790

 8016.27	-7058.57	 3488.00	11236.11	 5310.59	  301.42	2	19	38394930

 3742.31	-7423.14	 3415.00	 8987.21	 4945.91	  372.21	2	20	38394980

 4226.41	-7243.07	 3475.00	 9077.46	 5004.40	  375.14	1	11	38395680

 8137.52	-6466.66	 3410.00	10939.15	 5358.78	  302.72	1	15	38395750

14260.88	-7390.56	 3228.00	16383.31	 5543.42	  189.39	1	17	38395900

16996.72	-2456.87	 3510.00	17528.40	 5862.91	  192.52	1	16	38395960

16971.41	-2954.12	 3254.00	17531.23	 5835.43	  178.28	0	4	38396390

 8841.16	-7349.78	 3274.00	11954.27	 5337.71	  264.92	0	17	38396430

17073.78	-2998.28	 3367.00	17659.00	 5834.00	  183.20	3	7	38396520

14293.09	-7991.20	 3159.00	16677.26	 5513.18	  181.98	0	20	38394450

 4669.78	-7529.64	 3458.00	 9511.05	 5030.11	  355.33	0	18	38396450

14570.88	-8110.05	 3304.00	17000.00	 5515.00	  186.78	3	5	38396620

 8834.71	-7561.57	 3278.00	12082.00	 5324.00	  262.37	3	6	38396680

 4664.17	-8078.58	 3459.00	 9949.00	 5000.00	  339.08	3	9	38396790

16299.59	-3335.64	 3424.00	16986.08	 5807.24	  193.82	2	2	38396830

14477.82	-8067.89	 3319.00	16903.07	 5514.52	  188.73	2	14	38396870

 4025.32	-7728.16	 3434.00	 9365.89	 4958.56	  358.49	2	20	38396980

 8411.71	-7107.79	 3424.00	11532.62	 5330.04	  287.86	2	22	38396930

 4176.02	-7621.26	 3369.00	 9320.57	 4978.67	  353.16	1	11	38397670

 8346.57	-6734.76	 3459.00	11268.85	 5351.67	  297.93	1	15	38397760

14632.89	-7712.93	 3276.00	16862.47	 5536.77	  186.71	1	17	38397890

17275.76	-2669.06	 3537.00	17834.97	 5853.62	  190.64	1	16	38398010

17416.94	-2787.92	 3288.00	17942.50	 5848.43	  175.99	0	4	38398400

 4579.67	-7933.06	 3344.00	 9751.37	 4999.96	  334.25	0	18	38398440

17483.79	-3070.28	 3292.00	18054.00	 5834.00	  175.10	3	7	38398520

 8978.85	-7606.21	 3361.00	12238.07	 5328.85	  265.67	0	17	38398440

14567.01	-8038.80	 3310.00	16963.97	 5518.47	  187.53	0	20	38396450

14990.98	-8467.67	 3381.00	17546.00	 5509.00	  185.17	3	5	38398620

 8966.06	-7821.59	 3169.00	12313.00	 5315.00	  248.57	3	6	38398680

 4635.06	-8286.67	 3493.00	10117.00	 4987.00	  336.63	3	9	38398800

17137.98	-3261.09	 3335.00	17761.40	 5820.44	  180.37	2	2	38398840

14225.16	-8575.70	 3402.00	16954.98	 5481.94	  192.92	2	14	38398880

 8560.30	-7567.37	 3514.00	11953.74	 5308.72	  284.93	2	21	38398940

 4644.82	-8119.77	 3358.00	 9938.87	 4996.19	  329.11	2	20	38398980

 4130.82	-7971.83	 3409.00	 9603.91	 4956.54	  346.52	1	11	38399670

 8537.02	-7002.15	 3519.00	11588.53	 5344.02	  294.63	1	15	38399760

15074.82	-8015.59	 3190.00	17368.82	 5533.33	  176.39	1	17	38399910

17748.56	-2769.06	 3452.00	18291.95	 5852.21	  181.30	1	16	38399980

17898.77	-2987.64	 3365.00	18455.76	 5842.06	  175.09	0	4	38400400

 9103.59	-7896.40	 3406.00	12523.15	 5317.70	  263.03	0	17	38400440

18002.59	-3180.83	 3373.00	18590.00	 5833.00	  174.23	3	7	38400520

15326.25	-8870.03	 3301.00	18013.00	 5499.00	  175.99	3	5	38400630

 9042.17	-8056.28	 3375.00	12572.00	 5305.00	  259.54	3	6	38400690

 4670.40	-8623.33	 3471.00	10403.00	 4974.00	  324.84	3	9	38400810

17965.63	-3201.81	 3320.00	18548.25	 5831.58	  171.85	2	2	38400830

14843.32	-8928.84	 3341.00	17641.16	 5482.86	  181.95	2	14	38400870

 8592.32	-7857.40	 3523.00	12164.63	 5292.63	  280.58	2	21	38400920

 4540.13	-8387.52	 3349.00	10108.37	 4973.78	  322.47	2	20	38400970

 4269.80	-8000.94	 3529.00	 9731.39	 4968.12	  354.37	1	11	38401670

 8679.04	-7319.50	 3493.00	11878.63	 5330.95	  285.02	1	15	38401760

18162.92	-2925.35	 3478.00	18722.87	 5847.51	  178.43	1	16	38401990

18381.09	-2983.91	 3283.00	18908.90	 5846.32	  166.64	0	4	38402390

18517.44	-3311.80	 3197.00	19081.00	 5831.00	  160.76	3	7	38402520

 9224.96	-8188.99	 3411.00	12798.22	 5306.74	  257.62	0	17	38402430

15350.20	-8605.98	 3190.00	17884.84	 5512.05	  171.24	0	20	38400460

 4629.22	-8751.77	 3337.00	10447.91	 4964.61	  310.44	0	18	38402450

15557.46	-9355.26	 3338.00	18458.00	 5483.00	  173.65	3	5	38402630

 4683.60	-8537.63	 3227.00	10258.69	 4979.14	  305.57	0	21	38400460

 9202.95	-8113.49	 3444.00	12743.00	 5310.00	  261.33	3	6	38402690

 4582.69	-8924.62	 3459.00	10612.00	 4953.00	  317.05	3	9	38402810

18607.51	-3299.43	 3432.00	19206.88	 5832.42	  171.55	2	2	38402820

15186.04	-9195.86	 3391.00	18074.25	 5480.05	  180.23	2	14	38402870

 8966.48	-7906.62	 3312.00	12404.91	 5309.90	  258.09	2	22	38402920

 3857.65	-8655.44	 3314.00	10038.96	 4900.37	  321.26	2	20	38402970

 4373.50	-8065.35	 3447.00	 9800.98	 4974.48	  343.19	1	11	38403660

 8858.03	-7590.87	 3457.00	12167.04	 5323.42	  275.11	1	15	38403760

15757.38	-8576.58	 3154.00	18215.39	 5524.02	  166.18	1	17	38403930

18719.56	-3051.07	 3401.00	19269.09	 5845.71	  169.43	1	16	38404000

18830.37	-3407.13	 3329.00	19423.53	 5829.07	  164.48	0	4	38404400

15713.96	-9324.43	 3260.00	18560.74	 5488.60	  168.60	0	20	38402450

18984.56	-3456.92	 3253.00	19569.00	 5828.00	  159.48	3	7	38404520

 9372.18	-8228.39	 3300.00	12900.94	 5311.97	  247.01	0	17	38404450

 4581.79	-8747.99	 3469.00	10466.81	 4960.72	  322.59	0	21	38404460

15958.51	-9596.42	 3307.00	18913.00	 5483.00	  167.84	3	5	38404630

15976.82	-9186.51	 3240.00	18712.25	 5501.69	  166.18	0	22	38404450

 9385.49	-8362.16	 3373.00	13015.00	 5305.00	  250.34	3	6	38404690

19169.08	-3421.63	 3318.00	19752.72	 5831.32	  161.17	2	2	38404810

 4510.13	-9279.99	 3436.00	10875.00	 4932.00	  306.97	3	9	38404820

15680.25	-9441.84	 3427.00	18621.57	 5482.43	  176.75	2	14	38404880

 9191.51	-8354.78	 3502.00	12905.43	 5295.50	  262.42	2	22	38404930

 3606.28	-8957.81	 3439.00	10250.58	 4865.48	  326.71	2	20	38404980

 4217.83	-8458.27	 3377.00	10036.76	 4941.73	  327.69	1	11	38405660

 9106.16	-7912.59	 3414.00	12537.41	 5316.86	  263.36	1	15	38405760

16097.29	-8845.35	 3168.00	18638.65	 5520.19	  163.10	1	17	38405940

19108.18	-3032.85	 3497.00	19660.87	 5849.69	  170.76	1	16	38406030

19257.54	-3585.57	 3300.00	19864.52	 5824.21	  159.38	0	4	38406410

 9417.22	-8713.96	 3293.00	13246.17	 5287.02	  239.91	0	17	38406450

19436.68	-3665.57	 3462.00	20080.00	 5822.00	  165.47	3	7	38406520

16269.99	-10036.30	 3307.00	19400.42	 5472.19	  163.58	0	20	38406460

 4501.61	-9258.06	 3446.00	10855.92	 4932.18	  308.46	0	21	38406460

16395.41	-9719.40	 3327.00	19348.00	 5489.00	  165.03	3	5	38406630

 9552.31	-8655.44	 3391.00	13329.00	 5297.00	  245.64	3	6	38406740

19255.15	-3657.52	 3368.00	19886.72	 5820.75	  162.51	2	2	38406820

 4423.59	-9608.74	 3442.00	11124.00	 4912.00	  300.41	3	9	38406820

15811.91	-9854.39	 3333.00	18927.08	 5467.80	  169.04	2	14	38406870

 9303.73	-8694.69	 3374.00	13173.49	 5282.30	  247.33	2	22	38406930

 3800.51	-9238.74	 3303.00	10521.79	 4872.68	  304.93	2	20	38406980

 4031.45	-8998.75	 3434.00	10441.38	 4902.21	  320.02	1	11	38407660

 9216.07	-8173.27	 3360.00	12768.23	 5307.20	  254.29	1	15	38407750

19667.16	-3149.94	 3573.00	20235.75	 5848.34	  169.50	1	16	38408020

16518.12	-9152.31	 3149.00	19144.95	 5516.84	  157.79	1	17	38407960

 9520.18	-8850.25	 3299.00	13410.60	 5284.81	  237.35	0	17	38408440

19887.51	-3901.78	 3346.00	20541.00	 5815.00	  156.25	3	7	38408520

16756.55	-10441.07	 3303.00	20017.69	 5467.88	  158.29	0	20	38408460

 4450.17	-9606.74	 3104.00	11033.05	 4914.25	  272.33	0	21	38408460

16733.72	-10134.30	 3272.00	19835.00	 5480.00	  158.25	3	5	38408630

 9673.91	-9046.36	 3487.00	13696.00	 5282.00	  245.83	3	6	38408730

19732.77	-3731.17	 3371.00	20363.39	 5821.54	  158.81	2	2	38408810

 4323.33	-9933.49	 3448.00	11369.00	 4892.00	  294.25	3	9	38408820

16180.18	-10150.21	 3365.00	19394.54	 5464.98	  166.53	2	14	38408870

 8415.41	-9082.75	 3409.00	12842.77	 5213.60	  256.55	2	21	38408920

 3723.07	-9438.95	 3361.00	10688.84	 4858.77	  305.45	2	20	38408970

 4007.59	-9350.31	 3433.00	10736.60	 4886.67	  310.79	1	11	38409650

 9277.91	-8405.62	 3373.00	12965.77	 5297.07	  251.31	1	15	38409740

20170.86	-3230.16	 3544.00	20733.00	 5848.37	  164.04	1	16	38410030

17011.51	-9536.02	 3246.00	19770.28	 5512.11	  157.50	1	17	38409990

 9572.49	-9146.03	 3319.00	13649.11	 5271.75	  234.56	0	17	38410440

20318.90	-4030.62	 3443.00	20999.00	 5813.00	  157.28	3	7	38410520

 4434.54	-9713.98	 3261.00	11165.15	 4908.95	  283.03	0	21	38410470

17225.37	-9513.23	 3325.00	19956.72	 5518.15	  159.85	0	22	38410460

17148.72	-10558.21	 3294.00	20406.00	 5473.00	  154.83	3	5	38410630

 9780.81	-9438.61	 3481.00	14031.00	 5267.00	  239.41	3	6	38410730

20162.78	-3908.01	 3259.00	20794.98	 5817.18	  150.28	2	2	38410800

 4307.97	-10218.29	 3475.00	11621.00	 4881.00	  289.99	3	9	38410830

16343.04	-10647.91	 3361.00	19793.16	 5448.58	  162.94	2	14	38410850

 9234.30	-9240.42	 3454.00	13512.50	 5249.68	  246.83	2	22	38410920

 4200.46	-9758.20	 3300.00	11124.58	 4888.16	  287.60	2	20	38410970

 3962.69	-9585.31	 3363.00	10903.71	 4874.35	  299.41	1	11	38411640

 9326.97	-8676.13	 3371.00	13176.92	 5284.51	  247.04	1	15	38411730

20723.58	-3325.38	 3312.00	21248.40	 5848.06	  149.45	1	16	38412040

17449.67	-9898.16	 3229.00	20319.72	 5507.27	  152.39	1	17	38411990

 9716.32	-9386.05	 3381.00	13926.09	 5266.51	  234.18	0	17	38412460

20729.76	-4112.12	 3372.00	21401.00	 5813.00	  151.09	3	7	38412520

 4540.61	-9918.30	 3333.00	11406.08	 4909.97	  283.17	0	21	38412480

17459.98	-10756.27	 3218.00	20758.22	 5472.75	  148.64	0	20	38412460

17552.17	-10882.81	 3305.00	20915.00	 5470.00	  151.53	3	5	38412630

 9860.44	-9676.31	 3415.00	14231.00	 5259.00	  231.41	3	6	38412730

20312.77	-4182.87	 3417.00	21018.58	 5806.07	  155.94	2	2	38412810

 4385.59	-10463.57	 3493.00	11871.00	 4879.00	  285.21	3	9	38412830

16581.42	-11129.55	 3320.00	20244.32	 5435.50	  157.32	2	14	38412860

 9029.45	-9579.94	 3467.00	13613.46	 5221.76	  245.90	2	22	38412930

 4544.29	-10143.62	 3290.00	11591.71	 4902.20	  274.81	2	20	38412980

 4048.34	-9699.11	 3400.00	11046.35	 4877.59	  298.77	1	11	38413630

 9497.09	-8959.93	 3397.00	13491.28	 5277.78	  243.06	1	15	38413740

21069.59	-3499.82	 3449.00	21634.97	 5842.81	  152.89	1	16	38414060

17881.82	-10241.45	 3097.00	20838.38	 5503.32	  142.45	1	17	38414020

 9879.55	-9663.22	 3356.00	14221.32	 5260.57	  227.49	0	17	38414450

21218.12	-4301.45	 3393.00	21914.00	 5809.00	  148.45	3	7	38414520

17991.25	-9982.93	 3198.00	20822.37	 5516.25	  147.25	0	22	38414450

 4388.66	-10528.43	 3332.00	11883.19	 4877.14	  271.40	0	21	38414470

17793.08	-11317.98	 3362.00	21354.00	 5459.00	  150.97	3	5	38414640

 9907.55	-9969.99	 3327.00	14444.00	 5247.00	  221.95	3	6	38414730

20480.30	-4350.13	 3352.00	21203.83	 5800.14	  151.60	2	2	38414800

 4339.94	-10730.93	 3309.00	12039.00	 4867.00	  265.89	3	9	38414840

17084.69	-11296.29	 3297.00	20745.19	 5442.13	  152.41	2	14	38414850

 9375.00	-9795.11	 3425.00	13984.47	 5229.08	  236.28	2	22	38414920

 3965.79	-10485.91	 3382.00	11709.81	 4845.28	  279.79	2	20	38414970

 3989.86	-9919.31	 3473.00	11241.60	 4865.19	  299.92	1	11	38415630

 9563.18	-9199.47	 3425.00	13704.57	 5268.51	  241.21	1	15	38415740

21678.71	-3641.61	 3503.00	22259.80	 5841.07	  150.90	1	16	38416060

18346.57	-10501.49	 3205.00	21381.06	 5503.56	  143.68	1	17	38416030

21589.09	-4488.03	 3322.00	22299.49	 5804.27	  142.79	0	4	38416400

21811.01	-4113.35	 3404.00	22455.00	 5822.00	  145.32	3	7	38416520

10160.89	-10022.36	 3268.00	14641.42	 5256.55	  214.95	0	17	38416450

18210.89	-11002.37	 3336.00	21536.43	 5481.02	  148.52	0	20	38416470

18365.70	-11334.03	 3156.00	21811.00	 5472.00	  138.66	3	5	38416640

10133.00	-10239.67	 3371.00	14795.00	 5245.00	  219.51	3	6	38416710

20790.87	-4564.72	 3380.00	21552.75	 5793.62	  150.38	2	2	38416790

 4304.73	-10973.11	 3415.00	12272.00	 4857.00	  269.29	3	9	38416840

17658.47	-11522.49	 3317.00	21344.60	 5447.91	  149.00	2	14	38416850

 9594.43	-10105.62	 3499.00	14367.31	 5225.23	  234.93	2	22	38416920

 3885.08	-10740.65	 3329.00	11896.96	 4831.43	  270.82	2	20	38416970

 3927.53	-10278.70	 3345.00	11500.70	 4848.53	  281.82	1	11	38417620

 9708.51	-9497.16	 3468.00	14017.07	 5260.51	  238.74	1	15	38417740

22262.35	-3778.20	 3496.00	22849.70	 5839.47	  146.68	1	16	38418090

